10199
10255
10279
10281
10286
10304
10305
10306
10314
10335
10351
10352
10358
10359
10414
10415
10416
10424
10425
10426
10472
10474
10482
10483
10512
10515
10521
10523
10524
10525
10558
10560
10565
10583
10605
10615
10657
10659
10665
10670
10697
10698
10699
10705
10706
10746
10749
10757
10762
10785
10793
10795
10827
10844
10845
10858
10890
11021
11022
11024
11029
11058
11059
11065
11066
11171
11176
11209
11215
11216
11217
11232
11233
11243
11264
11266
11273
11291
11292
11293
11326
11327
11328
11335
11363
11364
11366
11371
11372
11373
11383
11393
11394
11402
11473
11479
11511
11525
11545
11584
11602
11605
11625
11660
11692
11738
11762
11805
11865
11878
11941
11950
12015
12071
12082
12089
12097
12132
12159
12165
12175
12235
12280
12372
12380
12383
12393
12400
12444
12459
12460
12476
12496
12541
12550
12551
12564
12596
12606
12614
12629
12664
12665
12677
12678
12679
12711
12731
12742
12755
12756
12757
12758
12766
12768
12780
12789
12791
12802
12816
12817
12828
12839
12850
12873
12874
12879
12894
12896
12905
12907
12923
12960
12961
12988
12989
13051
13060
