002	004
002	008
002	010
002	012
002	014
002	016
002	018
002	022
002	030
002	038
002	040
002	042
002	044
002	046
002	048
002	050
002	052
002	054
002	056
002	058
002	060
002	062
002	064
002	066
002	068
002	072
002	074
002	076
002	078
002	080
002	082
002	084
002	086
002	088
002	090
002	192
002	194
002	197
002	200
002	207
002	209
002	211
002	213
002	888
002	999
004	008
004	010
004	012
004	014
004	016
004	018
004	022
004	030
004	038
004	040
004	042
004	044
004	046
004	048
004	050
004	052
004	054
004	056
004	058
004	060
004	062
004	064
004	066
004	068
004	072
004	074
004	076
004	078
004	080
004	082
004	084
004	086
004	088
004	090
004	192
004	194
004	197
004	200
004	207
004	209
004	211
004	213
004	888
004	999
008	010
008	012
008	014
008	016
008	018
008	022
008	030
008	038
008	040
008	042
008	044
008	046
008	048
008	050
008	052
008	054
008	056
008	058
008	060
008	062
008	064
008	066
008	068
008	072
008	074
008	076
008	078
008	080
008	082
008	084
008	086
008	088
008	090
008	192
008	194
008	197
008	200
008	207
008	209
008	211
008	213
008	888
008	999
010	012
010	014
010	016
010	018
010	022
010	030
010	038
010	040
010	042
010	044
010	046
010	048
010	050
010	052
010	054
010	056
010	058
010	060
010	062
010	064
010	066
010	068
010	072
010	074
010	076
010	078
010	080
010	082
010	084
010	086
010	088
010	090
010	192
010	194
010	197
010	200
010	207
010	209
010	211
010	213
010	888
010	999
012	014
012	016
012	018
012	022
012	030
012	038
012	040
012	042
012	044
012	046
012	048
012	050
012	052
012	054
012	056
012	058
012	060
012	062
012	064
012	066
012	068
012	072
012	074
012	076
012	078
012	080
012	082
012	084
012	086
012	088
012	090
012	192
012	194
012	197
012	200
012	207
012	209
012	211
012	213
012	888
012	999
014	016
014	018
014	022
014	030
014	038
014	040
014	042
014	044
014	046
014	048
014	050
014	052
014	054
014	056
014	058
014	060
014	062
014	064
014	066
014	068
014	072
014	074
014	076
014	078
014	080
014	082
014	084
014	086
014	088
014	090
014	192
014	194
014	197
014	200
014	207
014	209
014	211
014	213
014	888
014	999
016	018
016	022
016	030
016	038
016	040
016	042
016	044
016	046
016	048
016	050
016	052
016	054
016	056
016	058
016	060
016	062
016	064
016	066
016	068
016	072
016	074
016	076
016	078
016	080
016	082
016	084
016	086
016	088
016	090
016	192
016	194
016	197
016	200
016	207
016	209
016	211
016	213
016	888
016	999
018	022
018	030
018	038
018	040
018	042
018	044
018	046
018	048
018	050
018	052
018	054
018	056
018	058
018	060
018	062
018	064
018	066
018	068
018	072
018	074
018	076
018	078
018	080
018	082
018	084
018	086
018	088
018	090
018	192
018	194
018	197
018	200
018	207
018	209
018	211
018	213
018	888
018	999
022	030
022	038
022	040
022	042
022	044
022	046
022	048
022	050
022	052
022	054
022	056
022	058
022	060
022	062
022	064
022	066
022	068
022	072
022	074
022	076
022	078
022	080
022	082
022	084
022	086
022	088
022	090
022	192
022	194
022	197
022	200
022	207
022	209
022	211
022	213
022	888
022	999
030	038
030	040
030	042
030	044
030	046
030	048
030	050
030	052
030	054
030	056
030	058
030	060
030	062
030	064
030	066
030	068
030	072
030	074
030	076
030	078
030	080
030	082
030	084
030	086
030	088
030	090
030	192
030	194
030	197
030	200
030	207
030	209
030	211
030	213
030	888
030	999
038	040
038	042
038	044
038	046
038	048
038	050
038	052
038	054
038	056
038	058
038	060
038	062
038	064
038	066
038	068
038	072
038	074
038	076
038	078
038	080
038	082
038	084
038	086
038	088
038	090
038	192
038	194
038	197
038	200
038	207
038	209
038	211
038	213
038	888
038	999
040	042
040	044
040	046
040	048
040	050
040	052
040	054
040	056
040	058
040	060
040	062
040	064
040	066
040	068
040	072
040	074
040	076
040	078
040	080
040	082
040	084
040	086
040	088
040	090
040	192
040	194
040	197
040	200
040	207
040	209
040	211
040	213
040	888
040	999
042	044
042	046
042	048
042	050
042	052
042	054
042	056
042	058
042	060
042	062
042	064
042	066
042	068
042	072
042	074
042	076
042	078
042	080
042	082
042	084
042	086
042	088
042	090
042	192
042	194
042	197
042	200
042	207
042	209
042	211
042	213
042	888
042	999
044	046
044	048
044	050
044	052
044	054
044	056
044	058
044	060
044	062
044	064
044	066
044	068
044	072
044	074
044	076
044	078
044	080
044	082
044	084
044	086
044	088
044	090
044	192
044	194
044	197
044	200
044	207
044	209
044	211
044	213
044	888
044	999
046	048
046	050
046	052
046	054
046	056
046	058
046	060
046	062
046	064
046	066
046	068
046	072
046	074
046	076
046	078
046	080
046	082
046	084
046	086
046	088
046	090
046	192
046	194
046	197
046	200
046	207
046	209
046	211
046	213
046	888
046	999
048	050
048	052
048	054
048	056
048	058
048	060
048	062
048	064
048	066
048	068
048	072
048	074
048	076
048	078
048	080
048	082
048	084
048	086
048	088
048	090
048	192
048	194
048	197
048	200
048	207
048	209
048	211
048	213
048	888
048	999
050	052
050	054
050	056
050	058
050	060
050	062
050	064
050	066
050	068
050	072
050	074
050	076
050	078
050	080
050	082
050	084
050	086
050	088
050	090
050	192
050	194
050	197
050	200
050	207
050	209
050	211
050	213
050	888
050	999
052	054
052	056
052	058
052	060
052	062
052	064
052	066
052	068
052	072
052	074
052	076
052	078
052	080
052	082
052	084
052	086
052	088
052	090
052	192
052	194
052	197
052	200
052	207
052	209
052	211
052	213
052	888
052	999
054	056
054	058
054	060
054	062
054	064
054	066
054	068
054	072
054	074
054	076
054	078
054	080
054	082
054	084
054	086
054	088
054	090
054	192
054	194
054	197
054	200
054	207
054	209
054	211
054	213
054	888
054	999
056	058
056	060
056	062
056	064
056	066
056	068
056	072
056	074
056	076
056	078
056	080
056	082
056	084
056	086
056	088
056	090
056	192
056	194
056	197
056	200
056	207
056	209
056	211
056	213
056	888
056	999
058	060
058	062
058	064
058	066
058	068
058	072
058	074
058	076
058	078
058	080
058	082
058	084
058	086
058	088
058	090
058	192
058	194
058	197
058	200
058	207
058	209
058	211
058	213
058	888
058	999
060	062
060	064
060	066
060	068
060	072
060	074
060	076
060	078
060	080
060	082
060	084
060	086
060	088
060	090
060	192
060	194
060	197
060	200
060	207
060	209
060	211
060	213
060	888
060	999
062	064
062	066
062	068
062	072
062	074
062	076
062	078
062	080
062	082
062	084
062	086
062	088
062	090
062	192
062	194
062	197
062	200
062	207
062	209
062	211
062	213
062	888
062	999
064	066
064	068
064	072
064	074
064	076
064	078
064	080
064	082
064	084
064	086
064	088
064	090
064	192
064	194
064	197
064	200
064	207
064	209
064	211
064	213
064	888
064	999
066	068
066	072
066	074
066	076
066	078
066	080
066	082
066	084
066	086
066	088
066	090
066	192
066	194
066	197
066	200
066	207
066	209
066	211
066	213
066	888
066	999
068	072
068	074
068	076
068	078
068	080
068	082
068	084
068	086
068	088
068	090
068	192
068	194
068	197
068	200
068	207
068	209
068	211
068	213
068	888
068	999
072	074
072	076
072	078
072	080
072	082
072	084
072	086
072	088
072	090
072	192
072	194
072	197
072	200
072	207
072	209
072	211
072	213
072	888
072	999
074	076
074	078
074	080
074	082
074	084
074	086
074	088
074	090
074	192
074	194
074	197
074	200
074	207
074	209
074	211
074	213
074	888
074	999
076	078
076	080
076	082
076	084
076	086
076	088
076	090
076	192
076	194
076	197
076	200
076	207
076	209
076	211
076	213
076	888
076	999
078	080
078	082
078	084
078	086
078	088
078	090
078	192
078	194
078	197
078	200
078	207
078	209
078	211
078	213
078	888
078	999
080	082
080	084
080	086
080	088
080	090
080	192
080	194
080	197
080	200
080	207
080	209
080	211
080	213
080	888
080	999
082	084
082	086
082	088
082	090
082	192
082	194
082	197
082	200
082	207
082	209
082	211
082	213
082	888
082	999
084	086
084	088
084	090
084	192
084	194
084	197
084	200
084	207
084	209
084	211
084	213
084	888
084	999
086	088
086	090
086	192
086	194
086	197
086	200
086	207
086	209
086	211
086	213
086	888
086	999
088	090
088	192
088	194
088	197
088	200
088	207
088	209
088	211
088	213
088	888
088	999
090	192
090	194
090	197
090	200
090	207
090	209
090	211
090	213
090	888
090	999
192	194
192	197
192	200
192	207
192	209
192	211
192	213
192	888
192	999
194	197
194	200
194	207
194	209
194	211
194	213
194	888
194	999
197	200
197	207
197	209
197	211
197	213
197	888
197	999
200	207
200	209
200	211
200	213
200	888
200	999
207	209
207	211
207	213
207	888
207	999
209	211
209	213
209	888
209	999
211	213
211	888
211	999
213	888
213	999
888	999
