10199
10279
10281
10304
10305
10314
10358
10359
10415
10416
10424
10425
10426
10472
10482
10515
10523
10524
10525
10565
10615
10670
10705
10746
10757
10762
10785
10793
10858
10890
11021
11029
11058
11065
11171
11176
11217
11232
11233
11264
11292
11293
11326
11327
11364
11372
11383
11473
11525
11584
11602
11659
11692
11878
11941
11950
12089
12097
12175
12294
12380
12400
12459
12476
12541
12564
12606
12629
12664
12678
12679
12755
12756
12757
12758
12768
12780
12791
12816
12839
12873
12894
12896
12923
12961
12988
12989
13051
13060
