10255
10286
10306
10335
10351
10352
10414
10474
10483
10512
10521
10558
10560
10583
10605
10657
10659
10665
10697
10698
10699
10706
10707
10749
10795
10827
10844
10845
11022
11024
11059
11066
11209
11215
11243
11266
11273
11291
11328
11335
11363
11366
11371
11373
11393
11394
11402
11479
11511
11545
11605
11625
11660
11762
11805
11865
12015
12071
12082
12132
12159
12165
12280
12372
12383
12393
12444
12460
12496
12550
12551
12596
12614
12665
12677
12711
12731
12742
12766
12789
12802
12817
12828
12874
12879
12905
12907
12960
