10181
10199
10255
10279
10281
10286
10305
10306
10335
10352
10358
10414
10415
10416
10424
10425
10482
10483
10512
10521
10525
10560
10565
10583
10605
10657
10659
10665
10699
10705
10706
10749
10785
10795
10827
10845
11022
11065
11067
11171
11209
11215
11217
11233
11266
11273
11274
11326
11335
11366
11371
11402
11430
11473
11511
11778
11805
11865
12015
12071
12082
12132
12159
12235
12294
12380
12412
12444
12460
12496
12541
12550
12580
12614
12629
12711
12731
12742
12755
12757
12758
12766
12768
12789
12791
12817
12873
12874
12879
12894
12905
12907
12923
12961
12988
13051
