10168
10304
10314
10315
10351
10359
10360
10426
10472
10474
10515
10523
10524
10558
10615
10670
10697
10698
10707
10746
10747
10757
10762
10793
10844
10858
10890
11021
11024
11029
11058
11059
11066
11176
11216
11232
11243
11264
11291
11292
11293
11327
11328
11363
11364
11372
11373
11383
11393
11394
11479
11525
11545
11584
11602
11605
11625
11659
11660
11692
11762
11878
11941
11950
12089
12097
12165
12175
12176
12217
12280
12372
12383
12393
12400
12459
12476
12551
12564
12596
12606
12664
12665
12677
12678
12679
12691
12756
12780
12802
12816
12828
12839
12896
12960
12989
13060
