10706
10670
12459
10305
11402
12015
10746
12731
10350
12850
11058
12082
11778
11762
12989
10698
11545
13060
12757
11024
12742
10558
10199
12280
12961
12159
11232
10352
10424
10793
10414
10279
12551
11273
12097
12496
10890
11363
10416
11371
10657
10749
11266
12896
11022
12755
11865
10762
10659
12911
11059
10425
10426
10827
10845
10315
10523
11578
12791
11066
11950
11067
11021
12758
10314
10286
11176
12380
11291
11243
12235
11660
11738
12550
11584
11293
12606
11216
11372
12756
10858
11029
11525
11233
11878
11171
12294
11602
11217
12874
12665
