10168
10181
10255
10279
10305
10306
10314
10335
10350
10352
10414
10415
10416
10424
10426
10472
10482
10483
10512
10521
10524
10583
10605
10657
10698
10699
10706
10747
10749
10757
10785
10793
10827
10844
10858
11021
11024
11029
11058
11059
11065
11215
11217
11233
11273
11292
11293
11326
11327
11335
11363
11366
11373
11383
11393
11402
11525
11578
11602
11660
11692
11738
11865
11941
11950
12015
12097
12159
12165
12175
12280
12372
12412
12444
12459
12476
12496
12550
12665
12677
12678
12742
12757
12791
12802
12816
12850
12894
12896
12905
12911
12960
12988
13060