10199
10286
10304
10315
10351
10358
10359
10425
10515
10523
10525
10558
10560
10565
10615
10659
10665
10670
10705
10746
10762
10794
10795
10845
10890
11022
11066
11067
11171
11216
11232
11243
11264
11266
11274
11291
11328
11364
11371
11372
11394
11430
11473
11479
11511
11545
11584
11625
11762
11778
11805
11878
12071
12082
12089
12132
12176
12217
12235
12294
12380
12383
12393
12400
12460
12541
12551
12564
12580
12596
12606
12614
12629
12664
12711
12731
12755
12756
12758
12766
12768
12780
12789
12817
12828
12839
12873
12874
12879
12907
12923
12961
12989
13051