022	 058	 090
022	 058	 192
022	 058	 194
022	 058	 197
022	 082	 209
022	 082	 211
022	 082	 213
022	 082	 999
022	 084	 213
022	 084	 999
022	 192	 207
022	 192	 209
022	 192	 211
022	 197	 207
022	 197	 209
030	 038	 046
030	 038	 048
030	 038	 050
030	 038	 207
030	 040	 209
030	 040	 211
030	 040	 213
030	 042	 088
030	 042	 090
030	 042	 209
030	 042	 211
030	 042	 213
030	 042	 999
030	 044	 046
030	 044	 048
030	 044	 050
030	 044	 074
030	 044	 076
030	 044	 088
030	 044	 090
030	 044	 192
030	 044	 194
030	 044	 197
030	 044	 200
030	 044	 207
030	 046	 058
030	 046	 060
030	 046	 062
030	 046	 078
030	 046	 080
030	 046	 082
030	 046	 084
030	 046	 086
030	 046	 088
030	 046	 209
030	 046	 211
030	 046	 213
030	 046	 999
030	 048	 050
030	 048	 052
030	 048	 058
030	 048	 060
030	 048	 062
030	 048	 064
030	 048	 066
030	 048	 068
030	 048	 072
030	 048	 074
030	 048	 076
030	 048	 078
030	 048	 207
030	 048	 209
030	 050	 086
030	 050	 088
030	 050	 090
030	 050	 192
030	 050	 194
030	 052	 058
030	 052	 060
030	 052	 062
030	 052	 088
030	 052	 192
030	 052	 194
030	 052	 197
030	 052	 200
030	 052	 207
030	 052	 209
030	 052	 211
030	 052	 213
030	 052	 999
030	 054	 056
030	 054	 058
030	 054	 068
030	 054	 072
030	 054	 074
030	 054	 076
030	 054	 078
030	 054	 080
030	 054	 082
030	 054	 084
030	 054	 192
030	 054	 194
030	 054	 197
030	 054	 200
030	 054	 207
030	 054	 209
030	 054	 211
030	 054	 213
030	 054	 999
030	 056	 082
030	 056	 088
030	 056	 090
030	 056	 192
030	 056	 194
030	 056	 197
030	 056	 200
030	 056	 207
030	 056	 209
030	 056	 211
030	 056	 213
030	 058	 064
030	 058	 066
030	 058	 068
030	 058	 072
030	 058	 074
030	 058	 076
030	 058	 078
030	 058	 080
030	 058	 082
030	 058	 192
030	 058	 194
030	 058	 197
030	 058	 200
030	 058	 207
030	 058	 209
030	 058	 211
030	 058	 213
030	 060	 064
030	 060	 066
030	 060	 068
030	 060	 072
030	 060	 074
030	 060	 076
030	 060	 078
030	 060	 080
030	 060	 082
030	 060	 084
030	 062	 072
030	 062	 074
030	 062	 076
030	 062	 078
030	 062	 080
030	 062	 082
030	 062	 084
030	 062	 086
030	 062	 088
030	 062	 200
030	 062	 207
030	 062	 209
030	 062	 211
030	 062	 213
030	 062	 999
030	 064	 066
030	 064	 068
030	 064	 078
030	 064	 080
030	 064	 082
030	 064	 084
030	 064	 086
030	 064	 088
030	 064	 090
030	 064	 192
030	 064	 194
030	 064	 200
030	 064	 207
030	 064	 209
030	 064	 211
030	 064	 213
030	 064	 999
030	 066	 068
030	 066	 072
030	 066	 074
030	 066	 076
030	 066	 078
030	 066	 084
030	 066	 086
030	 066	 088
030	 066	 090
030	 066	 192
030	 066	 194
030	 066	 197
030	 066	 200
030	 066	 207
030	 066	 209
030	 068	 088
030	 068	 192
030	 068	 194
030	 068	 197
030	 068	 200
030	 068	 207
030	 068	 209
030	 068	 211
030	 068	 213
030	 068	 999
030	 072	 074
030	 072	 076
030	 074	 084
030	 074	 086
030	 074	 088
030	 074	 090
030	 074	 207
030	 074	 209
030	 074	 211
030	 074	 213
030	 074	 999
030	 076	 078
030	 076	 080
030	 076	 082
030	 078	 090
030	 078	 192
030	 078	 194
030	 078	 197
030	 078	 200
030	 078	 207
030	 084	 197
030	 084	 200
030	 084	 207
030	 084	 209
030	 084	 211
030	 084	 213
030	 084	 999
030	 086	 088
030	 086	 090
030	 086	 192
030	 086	 194
030	 086	 197
030	 086	 200
030	 086	 207
030	 086	 209
030	 086	 211
030	 086	 213
030	 086	 999
030	 088	 090
030	 088	 192
030	 088	 194
030	 088	 197
030	 088	 200
030	 088	 207
030	 090	 194
030	 090	 197
030	 090	 200
030	 090	 207
030	 090	 209
030	 090	 211
030	 090	 213
030	 194	 213
030	 194	 999
030	 197	 200
030	 197	 207
030	 197	 209
030	 197	 211
030	 197	 213
030	 197	 999
030	 200	 207
030	 200	 209
030	 200	 211
030	 200	 213
030	 200	 999
030	 207	 209
030	 207	 211
030	 207	 213
030	 207	 999
030	 209	 211
030	 209	 213
030	 209	 999
030	 211	 213
030	 211	 999
038	 040	 044
038	 040	 046
038	 040	 048
038	 040	 050
038	 040	 052
038	 040	 054
038	 040	 056
038	 040	 058
038	 040	 060
038	 040	 062
038	 040	 066
038	 040	 068
038	 040	 072
038	 040	 074
038	 040	 076
038	 040	 078
038	 040	 080
038	 040	 082
038	 040	 084
038	 040	 086
038	 040	 088
038	 040	 090
038	 040	 192
038	 040	 194
038	 040	 197
038	 040	 200
038	 040	 207
038	 040	 209
038	 040	 211
038	 040	 213
038	 040	 999
038	 042	 044
038	 042	 046
038	 042	 080
038	 042	 082
038	 042	 084
038	 042	 086
038	 042	 088
038	 042	 090
038	 042	 192
038	 042	 194
038	 042	 197
038	 042	 207
038	 042	 209
038	 042	 211
038	 042	 213
038	 042	 999
038	 044	 046
038	 044	 048
038	 044	 050
038	 044	 052
038	 044	 054
038	 044	 056
038	 044	 086
038	 044	 088
038	 044	 090
038	 044	 192
038	 044	 194
038	 044	 197
038	 044	 200
038	 044	 207
038	 044	 209
038	 044	 211
038	 044	 213
038	 046	 072
038	 046	 074
038	 046	 076
038	 046	 078
038	 046	 080
038	 046	 082
038	 046	 084
038	 046	 086
038	 046	 088
038	 046	 090
038	 046	 192
038	 046	 194
038	 048	 050
038	 048	 052
038	 048	 054
038	 048	 056
038	 048	 058
038	 050	 064
038	 050	 066
038	 050	 068
038	 050	 072
038	 050	 074
038	 050	 076
038	 050	 209
038	 050	 211
038	 050	 213
038	 050	 999
038	 052	 054
038	 052	 056
038	 052	 058
038	 052	 060
038	 052	 062
038	 052	 064
038	 052	 066
038	 052	 068
038	 052	 072
038	 052	 074
038	 052	 076
038	 052	 078
038	 052	 080
038	 052	 082
038	 052	 084
038	 052	 086
038	 052	 088
038	 052	 090
038	 052	 192
038	 052	 194
038	 056	 200
038	 056	 207
038	 056	 209
038	 056	 211
038	 056	 213
038	 056	 999
038	 058	 060
038	 058	 062
038	 058	 076
038	 058	 078
038	 058	 080
038	 058	 082
038	 058	 084
038	 058	 086
038	 058	 088
038	 058	 200
038	 058	 207
038	 058	 209
038	 058	 211
038	 058	 213
038	 058	 999
038	 060	 062
038	 060	 064
038	 060	 090
038	 060	 200
038	 060	 207
038	 060	 209
038	 060	 211
038	 060	 213
038	 060	 999
038	 062	 064
038	 062	 066
038	 062	 068
038	 062	 209
038	 062	 211
038	 062	 213
038	 062	 999
038	 064	 066
038	 064	 068
038	 064	 072
038	 064	 074
038	 064	 076
038	 064	 207
038	 066	 078
038	 066	 080
038	 066	 082
038	 066	 084
038	 066	 194
038	 066	 197
038	 066	 200
038	 066	 207
038	 066	 209
038	 066	 211
038	 066	 213
038	 066	 999
038	 068	 084
038	 068	 086
038	 068	 088
038	 068	 090
038	 068	 192
038	 068	 194
038	 074	 200
038	 074	 207
038	 074	 209
038	 074	 211
038	 074	 213
038	 074	 999
038	 076	 078
038	 076	 080
038	 076	 082
038	 076	 084
038	 076	 086
038	 076	 088
038	 076	 207
038	 076	 209
038	 076	 211
038	 076	 213
038	 076	 999
038	 078	 080
038	 078	 082
038	 080	 082
038	 080	 084
038	 080	 086
038	 080	 088
038	 080	 090
038	 080	 192
038	 080	 194
038	 080	 197
038	 080	 200
038	 080	 207
038	 080	 209
038	 082	 999
038	 084	 086
038	 084	 088
038	 084	 090
038	 084	 192
038	 084	 194
038	 084	 197
038	 084	 200
038	 084	 207
038	 084	 209
038	 084	 211
038	 084	 213
038	 084	 999
038	 086	 088
038	 086	 090
038	 086	 192
038	 086	 194
038	 086	 197
038	 086	 200
038	 086	 207
038	 086	 209
038	 088	 211
038	 088	 213
038	 194	 200
038	 194	 207
038	 194	 209
038	 194	 211
038	 194	 213
040	 042	 048
040	 042	 050
040	 042	 052
040	 042	 054
040	 042	 056
040	 042	 058
040	 042	 060
040	 042	 062
040	 042	 064
040	 042	 066
040	 042	 068
040	 042	 072
040	 042	 074
040	 042	 076
040	 042	 078
040	 042	 080
040	 042	 082
040	 042	 084
040	 042	 086
040	 042	 088
040	 042	 090
040	 042	 192
040	 042	 194
040	 042	 197
040	 042	 999
040	 044	 046
040	 044	 048
040	 044	 050
040	 044	 052
040	 044	 054
040	 044	 056
040	 046	 080
040	 046	 082
040	 046	 084
040	 046	 086
040	 046	 088
040	 046	 090
040	 046	 192
040	 046	 194
040	 048	 056
040	 048	 058
040	 048	 062
040	 048	 064
040	 048	 066
040	 048	 068
040	 048	 072
040	 048	 074
040	 048	 076
040	 048	 078
040	 048	 080
040	 048	 082
040	 048	 084
040	 050	 058
040	 050	 060
040	 050	 062
040	 050	 064
040	 050	 066
040	 050	 068
040	 050	 072
040	 050	 074
040	 050	 076
040	 050	 207
040	 050	 209
040	 050	 211
040	 050	 213
040	 050	 999
040	 052	 054
040	 052	 056
040	 052	 058
040	 052	 060
040	 052	 062
040	 052	 064
040	 052	 066
040	 052	 068
040	 052	 076
040	 052	 078
040	 052	 080
040	 052	 082
040	 052	 084
040	 052	 086
040	 052	 088
040	 052	 090
040	 052	 192
040	 052	 194
040	 052	 200
040	 052	 207
040	 052	 209
040	 052	 211
040	 052	 213
040	 052	 999
040	 054	 056
040	 054	 058
040	 054	 060
040	 054	 062
040	 054	 064
040	 054	 086
040	 054	 088
040	 054	 090
040	 054	 207
040	 054	 209
040	 054	 211
040	 054	 213
040	 054	 999
040	 056	 058
040	 056	 060
040	 056	 062
040	 056	 080
040	 056	 082
040	 056	 084
040	 056	 086
040	 056	 088
040	 058	 072
040	 058	 074
040	 058	 076
040	 058	 078
040	 058	 080
040	 058	 082
040	 058	 084
040	 058	 086
040	 058	 088
040	 058	 194
040	 058	 197
040	 058	 200
040	 058	 207
040	 058	 209
040	 058	 211
040	 058	 213
040	 058	 999
040	 060	 062
040	 060	 064
040	 060	 076
040	 060	 078
040	 060	 080
040	 060	 082
040	 060	 084
040	 060	 086
040	 060	 088
040	 060	 090
040	 060	 999
040	 062	 064
040	 062	 066
040	 062	 068
040	 062	 074
040	 062	 076
040	 062	 078
040	 062	 080
040	 062	 082
040	 062	 084
040	 062	 086
040	 062	 088
040	 062	 090
040	 062	 192
040	 062	 194
040	 062	 209
040	 062	 211
040	 062	 213
040	 062	 999
040	 064	 066
040	 064	 068
040	 064	 072
040	 064	 074
040	 064	 076
040	 068	 213
040	 068	 999
040	 072	 074
040	 072	 076
040	 072	 078
040	 072	 080
040	 072	 082
040	 074	 197
040	 076	 084
040	 076	 086
040	 076	 088
040	 080	 200
040	 080	 207
040	 080	 209
040	 080	 211
040	 080	 213
040	 080	 999
040	 082	 084
040	 082	 086
040	 082	 088
040	 082	 090
040	 082	 192
040	 082	 194
040	 082	 197
040	 082	 200
040	 082	 207
040	 082	 211
040	 082	 213
040	 082	 999
040	 084	 086
040	 084	 088
040	 084	 090
040	 084	 192
040	 084	 194
040	 084	 197
040	 084	 200
040	 084	 207
040	 090	 200
040	 090	 207
040	 090	 209
040	 090	 211
040	 090	 213
040	 090	 999
040	 192	 194
040	 192	 197
042	 044	 080
042	 044	 082
042	 044	 084
042	 044	 086
042	 044	 088
042	 044	 090
042	 044	 192
042	 044	 194
042	 044	 197
042	 044	 200
042	 044	 207
042	 044	 209
042	 044	 211
042	 044	 213
042	 044	 999
042	 046	 048
042	 046	 050
042	 046	 052
042	 046	 054
042	 046	 056
042	 046	 058
042	 046	 060
042	 046	 074
042	 046	 076
042	 046	 078
042	 046	 080
042	 046	 082
042	 046	 084
042	 046	 086
042	 046	 197
042	 046	 200
042	 046	 207
042	 046	 209
042	 046	 211
042	 046	 213
042	 046	 999
042	 048	 050
042	 048	 058
042	 048	 060
042	 048	 062
042	 048	 064
042	 048	 066
042	 048	 068
042	 048	 072
042	 048	 074
042	 048	 076
042	 050	 052
042	 050	 054
042	 050	 056
042	 050	 058
042	 050	 060
042	 050	 062
042	 050	 064
042	 050	 066
042	 050	 088
042	 050	 090
042	 050	 192
042	 050	 197
042	 050	 200
042	 050	 207
042	 050	 209
042	 050	 211
042	 050	 213
042	 050	 999
042	 052	 054
042	 052	 056
042	 052	 058
042	 052	 060
042	 052	 080
042	 052	 082
042	 052	 084
042	 052	 086
042	 052	 192
042	 052	 194
042	 052	 197
042	 052	 200
042	 052	 207
042	 052	 209
042	 052	 211
042	 052	 213
042	 052	 999
042	 054	 056
042	 054	 062
042	 054	 064
042	 054	 066
042	 054	 068
042	 054	 072
042	 054	 074
042	 054	 076
042	 054	 078
042	 054	 080
042	 054	 082
042	 054	 194
042	 054	 197
042	 054	 200
042	 054	 207
042	 054	 209
042	 054	 211
042	 054	 213
042	 056	 062
042	 056	 064
042	 056	 066
042	 056	 068
042	 056	 072
042	 056	 074
042	 056	 076
042	 056	 078
042	 056	 080
042	 056	 192
042	 056	 194
042	 056	 197
042	 056	 200
042	 056	 207
042	 056	 209
042	 056	 211
042	 058	 076
042	 058	 078
042	 058	 080
042	 058	 088
042	 058	 090
042	 058	 192
042	 058	 194
042	 058	 197
042	 058	 200
042	 058	 207
042	 058	 209
042	 058	 211
042	 060	 062
042	 060	 064
042	 060	 066
042	 060	 068
042	 060	 072
042	 060	 074
042	 060	 076
042	 060	 078
042	 060	 080
042	 060	 082
042	 064	 082
042	 064	 084
042	 064	 086
042	 064	 088
042	 064	 090
042	 064	 192
042	 066	 197
042	 066	 200
042	 066	 207
042	 068	 088
042	 068	 090
042	 068	 192
042	 068	 194
042	 068	 197
042	 068	 200
042	 068	 207
042	 068	 209
042	 068	 211
042	 068	 213
042	 068	 999
042	 072	 074
042	 072	 084
042	 072	 086
042	 072	 088
042	 072	 090
042	 072	 192
042	 072	 194
042	 072	 197
042	 072	 200
042	 074	 194
042	 074	 197
042	 074	 200
042	 074	 207
042	 074	 209
042	 074	 211
042	 074	 213
042	 074	 999
042	 076	 078
042	 076	 080
042	 078	 088
042	 078	 090
042	 078	 192
042	 078	 194
042	 078	 197
042	 078	 200
042	 080	 084
042	 080	 086
042	 080	 088
042	 080	 090
042	 080	 192
042	 080	 194
042	 082	 192
042	 194	 213
042	 194	 999
042	 197	 200
042	 197	 207
042	 197	 209
042	 197	 211
042	 197	 213
042	 197	 999
042	 200	 207
044	 046	 048
044	 046	 050
044	 046	 052
044	 046	 054
044	 046	 056
044	 046	 058
044	 046	 060
044	 046	 062
044	 046	 064
044	 046	 066
044	 046	 076
044	 046	 078
044	 046	 080
044	 046	 082
044	 046	 084
044	 046	 086
044	 046	 088
044	 046	 090
044	 046	 192
044	 046	 194
044	 046	 197
044	 046	 200
044	 046	 207
044	 046	 209
044	 046	 211
044	 046	 213
044	 046	 999
044	 048	 050
044	 048	 052
044	 048	 054
044	 048	 056
044	 048	 072
044	 048	 074
044	 048	 076
044	 048	 078
044	 048	 080
044	 048	 082
044	 048	 084
044	 048	 086
044	 048	 088
044	 048	 090
044	 048	 192
044	 048	 194
044	 048	 197
044	 048	 200
044	 048	 207
044	 048	 209
044	 048	 211
044	 048	 213
044	 050	 080
044	 050	 082
044	 050	 084
044	 050	 086
044	 050	 088
044	 050	 090
044	 050	 192
044	 050	 194
044	 050	 197
044	 050	 200
044	 052	 082
044	 052	 084
044	 052	 086
044	 052	 088
044	 052	 090
044	 052	 192
044	 054	 058
044	 054	 060
044	 054	 062
044	 054	 068
044	 054	 072
044	 054	 074
044	 054	 076
044	 054	 078
044	 054	 080
044	 054	 082
044	 054	 084
044	 054	 086
044	 054	 088
044	 054	 194
044	 054	 197
044	 054	 200
044	 054	 207
044	 054	 209
044	 054	 211
044	 054	 213
044	 054	 999
044	 056	 058
044	 056	 060
044	 056	 066
044	 056	 068
044	 056	 072
044	 056	 074
044	 056	 076
044	 056	 078
044	 056	 080
044	 056	 082
044	 056	 084
044	 056	 086
044	 056	 197
044	 056	 200
044	 056	 207
044	 056	 209
044	 056	 211
044	 056	 213
044	 056	 999
044	 058	 060
044	 058	 078
044	 058	 080
044	 058	 082
044	 058	 084
044	 058	 086
044	 058	 088
044	 058	 090
044	 058	 192
044	 058	 194
044	 058	 197
044	 058	 200
044	 058	 207
044	 058	 209
044	 058	 211
044	 058	 213
044	 058	 999
044	 060	 062
044	 060	 209
044	 060	 211
044	 060	 213
044	 060	 999
044	 062	 064
044	 062	 066
044	 062	 197
044	 062	 200
044	 062	 207
044	 062	 209
044	 062	 211
044	 062	 213
044	 062	 999
044	 064	 066
044	 064	 068
044	 064	 072
044	 064	 074
044	 064	 078
044	 064	 080
044	 064	 082
044	 064	 084
044	 064	 086
044	 064	 088
044	 064	 090
044	 064	 192
044	 064	 194
044	 064	 197
044	 064	 200
044	 066	 074
044	 066	 076
044	 066	 078
044	 066	 080
044	 066	 082
044	 066	 207
044	 066	 209
044	 066	 211
044	 066	 213
044	 068	 197
044	 068	 200
044	 068	 207
044	 068	 209
044	 068	 211
044	 068	 213
044	 068	 999
044	 072	 074
044	 072	 076
044	 072	 078
044	 072	 080
044	 072	 084
044	 072	 086
044	 072	 088
044	 072	 090
044	 072	 192
044	 072	 194
044	 072	 197
044	 072	 200
044	 072	 207
044	 072	 209
044	 072	 211
044	 074	 080
044	 074	 082
044	 074	 084
044	 074	 086
044	 074	 088
044	 074	 090
044	 074	 192
044	 074	 194
044	 076	 088
044	 076	 090
044	 076	 192
044	 076	 194
044	 076	 197
044	 076	 200
044	 076	 207
044	 076	 209
044	 076	 211
044	 076	 213
044	 076	 999
044	 078	 080
044	 080	 088
044	 080	 090
044	 080	 192
044	 080	 194
044	 080	 197
044	 080	 200
044	 080	 207
044	 080	 213
044	 080	 999
044	 082	 084
044	 082	 086
044	 082	 088
044	 082	 090
044	 082	 192
044	 082	 194
044	 082	 197
044	 082	 200
044	 084	 213
044	 084	 999
044	 086	 088
044	 086	 090
044	 086	 192
044	 086	 194
044	 086	 197
044	 086	 200
044	 086	 207
044	 090	 194
044	 090	 197
044	 090	 200
044	 090	 207
044	 090	 209
044	 090	 211
044	 090	 213
044	 090	 999
044	 192	 194
044	 192	 211
044	 192	 213
044	 192	 999
044	 194	 197
044	 194	 200
044	 194	 207
044	 194	 209
044	 194	 211
044	 200	 209
044	 200	 211
044	 200	 213
044	 213	 999
046	 048	 050
046	 050	 072
046	 050	 074
046	 050	 076
046	 050	 078
046	 050	 080
046	 050	 082
046	 050	 084
046	 050	 086
046	 050	 088
046	 050	 090
046	 050	 192
046	 052	 064
046	 052	 066
046	 052	 068
046	 052	 072
046	 052	 074
046	 052	 076
046	 052	 078
046	 052	 080
046	 052	 082
046	 052	 084
046	 052	 086
046	 054	 058
046	 054	 060
046	 054	 062
046	 054	 064
046	 054	 066
046	 054	 068
046	 054	 072
046	 054	 074
046	 054	 076
046	 054	 078
046	 054	 080
046	 054	 082
046	 056	 080
046	 058	 072
046	 058	 074
046	 058	 076
046	 058	 078
046	 058	 080
046	 058	 211
046	 060	 072
046	 060	 074
046	 060	 076
046	 060	 078
046	 060	 080
046	 060	 082
046	 062	 068
046	 062	 072
046	 062	 074
046	 062	 076
046	 062	 078
046	 062	 080
046	 062	 082
046	 062	 084
046	 062	 086
046	 062	 090
046	 062	 192
046	 062	 194
046	 062	 197
046	 062	 200
046	 062	 207
046	 062	 209
046	 062	 211
046	 062	 213
046	 062	 999
046	 064	 066
046	 064	 999
046	 066	 068
046	 066	 072
046	 066	 074
046	 066	 076
046	 066	 194
046	 066	 197
046	 066	 200
046	 066	 207
046	 066	 209
046	 066	 211
046	 066	 213
046	 066	 999
046	 068	 072
046	 068	 074
046	 068	 076
046	 068	 078
046	 068	 080
046	 068	 082
046	 068	 084
046	 068	 086
046	 068	 209
046	 068	 211
046	 068	 213
046	 068	 999
046	 072	 074
046	 072	 078
046	 072	 080
046	 072	 082
046	 072	 084
046	 072	 086
046	 072	 088
046	 072	 090
046	 072	 192
046	 072	 194
046	 072	 197
046	 072	 200
046	 072	 209
046	 072	 211
046	 072	 213
046	 072	 999
046	 074	 076
046	 074	 078
046	 074	 080
046	 074	 082
046	 074	 084
046	 074	 086
046	 074	 088
046	 076	 084
046	 076	 086
046	 076	 088
046	 076	 090
046	 076	 192
046	 076	 194
046	 076	 197
046	 076	 200
046	 076	 207
046	 076	 209
046	 076	 211
046	 078	 080
046	 078	 082
046	 078	 084
046	 078	 086
046	 078	 088
046	 078	 090
046	 078	 192
046	 078	 194
046	 078	 197
046	 078	 200
046	 078	 209
046	 078	 211
046	 078	 213
046	 078	 999
046	 080	 082
046	 080	 084
046	 080	 086
046	 080	 088
046	 080	 090
046	 080	 192
046	 080	 194
046	 082	 084
046	 082	 086
046	 082	 088
046	 082	 090
046	 082	 192
046	 084	 192
046	 084	 194
046	 084	 197
046	 084	 200
046	 084	 207
046	 084	 209
046	 084	 211
046	 084	 213
046	 084	 999
046	 086	 088
046	 086	 090
046	 086	 192
046	 086	 194
046	 090	 209
046	 090	 211
046	 090	 999
046	 192	 194
046	 192	 197
046	 192	 200
046	 192	 207
046	 192	 209
046	 192	 211
046	 192	 213
046	 192	 999
046	 194	 197
046	 194	 200
046	 200	 999
046	 207	 209
046	 207	 211
046	 207	 213
046	 207	 999
046	 209	 211
046	 209	 213
046	 209	 999
046	 211	 213
046	 213	 999
048	 050	 052
048	 050	 054
048	 050	 056
048	 050	 058
048	 050	 060
048	 050	 062
048	 050	 064
048	 050	 066
048	 050	 068
048	 050	 072
048	 050	 197
048	 052	 999
048	 054	 056
048	 054	 058
048	 054	 060
048	 054	 076
048	 054	 078
048	 054	 080
048	 054	 082
048	 054	 084
048	 054	 086
048	 056	 064
048	 056	 066
048	 056	 068
048	 056	 072
048	 056	 074
048	 056	 076
048	 056	 078
048	 056	 080
048	 056	 082
048	 056	 084
048	 056	 213
048	 056	 999
048	 060	 066
048	 060	 068
048	 060	 072
048	 060	 074
048	 060	 076
048	 060	 078
048	 060	 080
048	 060	 082
048	 060	 084
048	 060	 086
048	 062	 068
048	 062	 072
048	 062	 074
048	 062	 076
048	 062	 078
048	 062	 080
048	 062	 082
048	 062	 084
048	 062	 086
048	 062	 088
048	 062	 090
048	 062	 200
048	 062	 207
048	 062	 209
048	 062	 211
048	 062	 213
048	 062	 999
048	 064	 066
048	 064	 068
048	 064	 072
048	 064	 207
048	 064	 209
048	 064	 211
048	 064	 213
048	 064	 999
048	 066	 068
048	 066	 072
048	 066	 074
048	 066	 076
048	 066	 078
048	 066	 080
048	 068	 080
048	 068	 082
048	 068	 084
048	 068	 086
048	 068	 088
048	 068	 090
048	 072	 074
048	 072	 076
048	 072	 078
048	 072	 200
048	 072	 207
048	 072	 209
048	 074	 197
048	 074	 200
048	 074	 207
048	 074	 209
048	 074	 211
048	 074	 213
048	 074	 999
048	 076	 078
048	 076	 080
048	 076	 082
048	 076	 084
048	 076	 197
048	 076	 200
048	 076	 207
048	 076	 209
048	 076	 211
048	 076	 213
048	 076	 999
048	 082	 086
048	 082	 088
048	 082	 090
048	 082	 192
048	 082	 194
048	 082	 197
048	 086	 209
048	 086	 211
048	 086	 213
048	 086	 999
048	 088	 090
048	 088	 192
048	 088	 194
048	 088	 197
048	 088	 200
048	 088	 207
048	 088	 209
048	 197	 209
048	 197	 211
048	 197	 213
048	 197	 999
048	 200	 207
048	 200	 209
048	 200	 211
050	 052	 064
050	 052	 066
050	 052	 068
050	 052	 072
050	 052	 074
050	 052	 076
050	 052	 078
050	 052	 082
050	 052	 084
050	 052	 086
050	 052	 088
050	 052	 090
050	 052	 192
050	 052	 194
050	 052	 197
050	 052	 200
050	 052	 207
050	 052	 209
050	 056	 084
050	 056	 086
050	 056	 088
050	 056	 090
050	 056	 192
050	 056	 194
050	 056	 197
050	 058	 074
050	 058	 076
050	 058	 078
050	 058	 080
050	 058	 082
050	 058	 084
050	 058	 086
050	 058	 088
050	 058	 090
050	 058	 192
050	 058	 194
050	 058	 197
050	 058	 211
050	 058	 213
050	 058	 999
050	 060	 062
050	 060	 064
050	 060	 066
050	 060	 068
050	 060	 072
050	 060	 074
050	 060	 200
050	 060	 213
050	 060	 999
050	 062	 064
050	 062	 066
050	 062	 068
050	 062	 072
050	 062	 074
050	 062	 076
050	 062	 078
050	 062	 090
050	 062	 192
050	 062	 194
050	 062	 197
050	 062	 200
050	 062	 207
050	 062	 209
050	 064	 066
050	 064	 068
050	 064	 072
050	 064	 074
050	 064	 076
050	 064	 078
050	 064	 080
050	 064	 082
050	 064	 084
050	 064	 088
050	 064	 090
050	 064	 192
050	 064	 194
050	 064	 197
050	 064	 200
050	 064	 207
050	 064	 209
050	 064	 211
050	 064	 213
050	 064	 999
050	 066	 088
050	 066	 090
050	 066	 192
050	 066	 213
050	 066	 999
050	 068	 072
050	 068	 074
050	 068	 076
050	 068	 078
050	 074	 090
050	 074	 192
050	 074	 194
050	 074	 197
050	 074	 200
050	 074	 207
050	 074	 209
050	 074	 211
050	 076	 213
050	 076	 999
050	 078	 080
050	 078	 082
050	 078	 084
050	 078	 086
050	 078	 088
050	 078	 090
050	 080	 209
050	 080	 211
050	 080	 213
050	 080	 999
050	 082	 084
050	 082	 200
050	 082	 207
050	 082	 209
050	 082	 211
050	 082	 213
050	 082	 999
050	 086	 209
050	 086	 211
050	 086	 213
050	 086	 999
050	 088	 090
052	 056	 090
052	 058	 200
052	 058	 207
052	 058	 209
052	 058	 211
052	 058	 213
052	 058	 999
052	 060	 062
052	 060	 064
052	 060	 066
052	 060	 076
052	 060	 078
052	 060	 080
052	 060	 082
052	 060	 084
052	 060	 086
052	 060	 088
052	 060	 090
052	 060	 192
052	 064	 084
052	 064	 086
052	 064	 088
052	 064	 090
052	 064	 192
052	 064	 194
052	 064	 197
052	 064	 200
052	 064	 207
052	 064	 209
052	 066	 076
052	 066	 078
052	 066	 080
052	 066	 082
052	 066	 084
052	 066	 086
052	 068	 084
052	 068	 086
052	 068	 088
052	 068	 090
052	 068	 192
052	 068	 194
052	 068	 197
052	 068	 207
052	 068	 209
052	 068	 211
052	 068	 213
052	 068	 999
052	 072	 074
052	 072	 076
052	 072	 078
052	 072	 080
052	 072	 082
052	 072	 084
052	 072	 088
052	 072	 090
052	 072	 192
052	 072	 194
052	 072	 197
052	 072	 200
052	 072	 207
052	 072	 209
052	 072	 211
052	 072	 213
052	 072	 999
052	 074	 082
052	 074	 084
052	 074	 086
052	 074	 088
052	 074	 090
052	 074	 192
052	 074	 194
052	 074	 197
052	 074	 200
052	 074	 207
052	 074	 209
052	 074	 211
052	 074	 213
052	 074	 999
052	 076	 078
052	 076	 080
052	 076	 082
052	 076	 084
052	 076	 086
052	 076	 088
052	 076	 090
052	 076	 192
052	 076	 194
052	 076	 197
052	 076	 200
052	 076	 207
052	 076	 209
052	 076	 211
052	 076	 213
052	 076	 999
052	 078	 080
052	 078	 082
052	 078	 084
052	 078	 207
052	 078	 209
052	 078	 211
052	 078	 213
052	 078	 999
052	 080	 088
052	 080	 090
052	 080	 192
052	 080	 194
052	 080	 197
052	 080	 200
052	 080	 207
052	 080	 209
052	 080	 211
052	 082	 197
052	 082	 200
052	 082	 207
052	 082	 209
052	 084	 207
052	 084	 209
052	 086	 207
052	 086	 209
052	 086	 211
052	 090	 209
052	 090	 211
052	 090	 213
052	 090	 999
052	 192	 194
052	 192	 197
052	 192	 200
052	 192	 211
052	 192	 213
052	 192	 999
052	 194	 197
052	 194	 200
052	 194	 207
052	 194	 209
052	 194	 211
052	 194	 213
052	 194	 999
052	 200	 999
052	 207	 209
052	 207	 211
052	 207	 213
052	 207	 999
052	 209	 211
052	 209	 213
052	 209	 999
052	 211	 213
052	 211	 999
052	 213	 999
054	 056	 058
054	 056	 060
054	 056	 062
054	 056	 084
054	 056	 086
054	 056	 088
054	 056	 192
054	 056	 194
054	 056	 197
054	 056	 200
054	 056	 207
054	 056	 209
054	 056	 211
054	 056	 213
054	 056	 999
054	 058	 060
054	 058	 062
054	 058	 192
054	 058	 194
054	 058	 197
054	 058	 200
054	 058	 207
054	 058	 209
054	 058	 211
054	 058	 213
054	 058	 999
054	 060	 062
054	 060	 064
054	 060	 066
054	 060	 068
054	 060	 072
054	 060	 074
054	 060	 076
054	 060	 078
054	 060	 080
054	 060	 082
054	 060	 084
054	 060	 086
054	 060	 088
054	 060	 090
054	 060	 209
054	 060	 211
054	 060	 213
054	 060	 999
054	 062	 064
054	 062	 066
054	 062	 068
054	 062	 090
054	 062	 192
054	 062	 194
054	 062	 207
054	 062	 209
054	 062	 211
054	 062	 213
054	 062	 999
054	 064	 066
054	 064	 068
054	 064	 072
054	 064	 074
054	 064	 076
054	 064	 080
054	 064	 082
054	 064	 084
054	 064	 086
054	 064	 088
054	 064	 090
054	 064	 192
054	 064	 194
054	 064	 197
054	 064	 200
054	 064	 207
054	 066	 086
054	 066	 088
054	 066	 090
054	 066	 192
054	 066	 194
054	 066	 197
054	 066	 200
054	 066	 207
054	 066	 209
054	 066	 211
054	 066	 213
054	 066	 999
054	 068	 200
054	 068	 207
054	 068	 209
054	 068	 211
054	 068	 213
054	 068	 999
054	 072	 074
054	 072	 076
054	 072	 078
054	 072	 080
054	 072	 082
054	 072	 088
054	 072	 090
054	 072	 192
054	 072	 194
054	 072	 197
054	 072	 200
054	 072	 207
054	 072	 209
054	 072	 211
054	 072	 213
054	 074	 088
054	 074	 090
054	 074	 192
054	 074	 194
054	 074	 197
054	 078	 213
054	 080	 088
054	 080	 090
054	 080	 192
054	 080	 194
054	 080	 197
054	 080	 200
054	 080	 207
054	 080	 209
054	 086	 197
054	 086	 200
054	 086	 207
054	 086	 209
054	 192	 194
054	 192	 197
054	 197	 213
054	 197	 999
054	 200	 207
054	 200	 209
054	 200	 211
054	 200	 213
054	 200	 999
054	 207	 999
054	 209	 211
054	 209	 213
054	 209	 999
054	 211	 213
054	 211	 999
054	 213	 999
056	 058	 060
056	 058	 062
056	 058	 088
056	 058	 209
056	 058	 211
056	 058	 213
056	 058	 999
056	 060	 062
056	 060	 064
056	 060	 084
056	 060	 086
056	 060	 088
056	 060	 090
056	 062	 066
056	 062	 068
056	 062	 192
056	 062	 194
056	 062	 999
056	 064	 066
056	 064	 068
056	 064	 072
056	 064	 074
056	 064	 076
056	 064	 084
056	 064	 086
056	 064	 088
056	 064	 090
056	 064	 192
056	 064	 194
056	 064	 197
056	 064	 200
056	 064	 207
056	 068	 192
056	 068	 194
056	 068	 200
056	 068	 207
056	 068	 209
056	 068	 211
056	 068	 213
056	 068	 999
056	 072	 074
056	 072	 076
056	 072	 078
056	 072	 080
056	 072	 082
056	 072	 200
056	 072	 207
056	 072	 209
056	 072	 211
056	 072	 213
056	 080	 194
056	 080	 197
056	 080	 200
056	 080	 207
056	 080	 209
056	 080	 211
056	 080	 213
056	 080	 999
056	 082	 084
056	 082	 086
056	 082	 088
056	 082	 090
056	 082	 192
056	 082	 194
056	 082	 197
056	 082	 200
056	 082	 207
056	 084	 086
056	 084	 088
056	 084	 090
056	 084	 192
056	 084	 194
056	 084	 197
056	 084	 200
056	 084	 207
056	 088	 090
056	 088	 192
056	 088	 194
056	 088	 197
056	 088	 200
056	 088	 207
056	 088	 209
056	 088	 211
056	 088	 213
056	 192	 197
056	 197	 213
056	 197	 999
056	 200	 207
056	 200	 209
056	 200	 211
056	 200	 213
056	 200	 999
058	 060	 072
058	 060	 074
058	 060	 076
058	 060	 078
058	 060	 080
058	 060	 082
058	 060	 084
058	 060	 086
058	 060	 088
058	 060	 090
058	 060	 211
058	 060	 213
058	 060	 999
058	 062	 064
058	 062	 066
058	 062	 068
058	 062	 082
058	 062	 084
058	 062	 086
058	 062	 088
058	 062	 090
058	 062	 192
058	 062	 194
058	 062	 213
058	 062	 999
058	 064	 066
058	 064	 068
058	 064	 072
058	 064	 074
058	 064	 076
058	 064	 080
058	 064	 082
058	 064	 084
058	 064	 086
058	 064	 088
058	 064	 090
058	 064	 192
058	 064	 194
058	 064	 197
058	 064	 200
058	 064	 207
058	 064	 213
058	 064	 999
058	 066	 068
058	 066	 072
058	 066	 074
058	 066	 076
058	 066	 078
058	 066	 080
058	 066	 082
058	 066	 084
058	 066	 086
058	 066	 088
058	 066	 090
058	 066	 192
058	 066	 194
058	 066	 197
058	 066	 200
058	 066	 207
058	 066	 209
058	 066	 211
058	 066	 213
058	 066	 999
058	 072	 088
058	 072	 090
058	 072	 192
058	 072	 194
058	 072	 197
058	 072	 200
058	 072	 207
058	 072	 209
058	 072	 211
058	 072	 213
058	 074	 209
058	 074	 211
058	 074	 213
058	 074	 999
058	 076	 078
058	 076	 080
058	 076	 082
058	 076	 084
058	 076	 086
058	 076	 088
058	 078	 084
058	 078	 086
058	 078	 088
058	 078	 090
058	 078	 192
058	 078	 194
058	 078	 197
058	 078	 200
058	 078	 207
058	 078	 209
058	 078	 211
058	 078	 213
058	 084	 200
058	 084	 207
058	 090	 207
058	 090	 209
058	 090	 211
058	 090	 213
058	 090	 999
058	 192	 194
058	 192	 197
058	 194	 211
058	 194	 213
058	 197	 200
058	 197	 207
058	 197	 209
058	 197	 211
058	 197	 213
058	 197	 999
058	 200	 207
058	 200	 209
058	 200	 211
058	 200	 213
058	 200	 999
058	 207	 211
058	 207	 213
058	 207	 999
058	 209	 211
058	 209	 213
058	 209	 999
058	 211	 213
058	 211	 999
058	 213	 999
060	 062	 064
060	 062	 066
060	 062	 076
060	 062	 078
060	 062	 080
060	 062	 082
060	 062	 084
060	 062	 086
060	 062	 088
060	 062	 090
060	 062	 192
060	 066	 076
060	 066	 078
060	 066	 080
060	 066	 082
060	 066	 192
060	 066	 194
060	 066	 197
060	 066	 200
060	 066	 207
060	 066	 209
060	 066	 211
060	 066	 213
060	 068	 076
060	 068	 078
060	 068	 080
060	 068	 082
060	 068	 084
060	 068	 086
060	 068	 088
060	 068	 090
060	 068	 192
060	 068	 209
060	 068	 211
060	 068	 213
060	 068	 999
060	 072	 074
060	 072	 076
060	 072	 078
060	 072	 080
060	 072	 088
060	 072	 090
060	 072	 192
060	 072	 194
060	 072	 197
060	 072	 200
060	 072	 207
060	 072	 209
060	 072	 211
060	 076	 200
060	 076	 207
060	 076	 209
060	 076	 211
060	 076	 213
060	 076	 999
060	 078	 080
060	 080	 192
060	 080	 194
060	 080	 197
060	 080	 200
060	 080	 207
060	 084	 209
060	 084	 211
060	 084	 213
060	 084	 999
060	 086	 088
060	 086	 090
060	 086	 192
060	 086	 194
060	 086	 197
060	 086	 200
060	 086	 207
060	 090	 211
060	 090	 213
060	 090	 999
060	 192	 194
060	 192	 209
060	 192	 211
060	 192	 213
060	 192	 999
060	 194	 197
060	 194	 200
060	 194	 207
060	 194	 209
060	 194	 211
060	 207	 213
060	 207	 999
060	 209	 211
060	 209	 213
060	 209	 999
060	 211	 213
060	 211	 999
060	 213	 999
062	 064	 066
062	 064	 086
062	 064	 088
062	 064	 090
062	 064	 192
062	 066	 076
062	 066	 080
062	 066	 082
062	 066	 084
062	 066	 086
062	 066	 088
062	 066	 090
062	 066	 192
062	 066	 194
062	 066	 197
062	 066	 200
062	 066	 207
062	 068	 080
062	 068	 082
062	 068	 084
062	 068	 086
062	 072	 090
062	 072	 192
062	 072	 194
062	 072	 197
062	 072	 200
062	 074	 213
062	 074	 999
062	 076	 078
062	 076	 080
062	 076	 082
062	 076	 084
062	 076	 086
062	 076	 088
062	 076	 090
062	 076	 192
062	 076	 194
062	 076	 197
062	 076	 200
062	 076	 207
062	 076	 209
062	 076	 211
062	 078	 192
062	 078	 194
062	 078	 197
062	 078	 200
062	 080	 082
062	 080	 084
062	 080	 086
062	 080	 088
062	 080	 090
062	 080	 192
062	 080	 194
062	 084	 192
062	 086	 088
062	 086	 090
062	 086	 192
062	 086	 194
062	 088	 207
062	 088	 209
062	 088	 211
062	 088	 213
062	 088	 999
062	 090	 192
062	 090	 194
062	 090	 197
062	 090	 200
062	 090	 207
062	 090	 209
062	 090	 211
062	 197	 200
062	 197	 207
062	 197	 209
062	 197	 211
062	 197	 213
062	 197	 999
062	 200	 207
062	 200	 213
062	 200	 999
062	 207	 209
062	 207	 211
062	 207	 213
062	 207	 999
062	 209	 211
062	 209	 213
062	 209	 999
062	 211	 213
064	 068	 076
064	 068	 078
064	 068	 080
064	 068	 082
064	 068	 084
064	 068	 086
064	 068	 088
064	 068	 090
064	 068	 192
064	 068	 194
064	 068	 197
064	 068	 200
064	 074	 211
064	 074	 213
064	 074	 999
064	 076	 078
064	 076	 080
064	 076	 082
064	 076	 084
064	 076	 086
064	 076	 088
064	 076	 090
064	 076	 192
064	 076	 207
064	 076	 209
064	 076	 211
064	 076	 213
064	 076	 999
064	 078	 080
064	 078	 082
064	 078	 084
064	 078	 086
064	 078	 200
064	 078	 207
064	 078	 209
064	 078	 211
064	 078	 213
064	 078	 999
064	 080	 082
064	 084	 090
064	 084	 192
064	 084	 194
064	 084	 197
064	 084	 200
064	 084	 207
064	 084	 209
064	 084	 211
064	 194	 999
064	 197	 200
066	 068	 080
066	 068	 082
066	 068	 084
066	 068	 086
066	 068	 088
066	 068	 090
066	 068	 192
066	 068	 194
066	 068	 197
066	 068	 200
066	 068	 207
066	 068	 209
066	 074	 084
066	 074	 086
066	 074	 088
066	 074	 090
066	 074	 192
066	 074	 194
066	 074	 197
066	 074	 200
066	 074	 207
066	 074	 209
066	 074	 211
066	 074	 999
066	 076	 078
066	 076	 080
066	 076	 082
066	 076	 084
066	 076	 086
066	 076	 088
066	 076	 090
066	 076	 192
066	 076	 194
066	 076	 197
066	 078	 209
066	 078	 211
066	 078	 213
066	 078	 999
066	 080	 082
066	 080	 084
066	 080	 086
066	 080	 213
066	 080	 999
066	 082	 084
066	 082	 207
066	 082	 209
066	 082	 211
066	 082	 213
066	 082	 999
066	 084	 207
066	 084	 209
066	 084	 211
066	 084	 213
066	 084	 999
066	 090	 200
066	 090	 207
066	 090	 209
066	 090	 211
066	 090	 213
066	 090	 999
066	 192	 194
066	 192	 197
066	 192	 200
066	 192	 207
066	 192	 209
066	 192	 211
066	 192	 213
066	 192	 999
066	 194	 197
066	 194	 200
066	 194	 207
066	 194	 209
066	 194	 211
066	 194	 213
066	 194	 999
066	 197	 200
066	 197	 207
066	 197	 209
066	 197	 211
066	 197	 213
066	 197	 999
066	 200	 207
066	 200	 209
066	 200	 211
066	 200	 213
066	 200	 999
066	 207	 209
066	 207	 211
066	 207	 213
066	 207	 999
066	 209	 213
066	 209	 999
066	 211	 213
066	 211	 999
066	 213	 999
068	 072	 074
068	 072	 076
068	 072	 078
068	 072	 080
068	 072	 082
068	 072	 084
068	 074	 194
068	 074	 197
068	 074	 200
068	 074	 213
068	 074	 999
068	 076	 078
068	 076	 080
068	 076	 082
068	 076	 084
068	 076	 086
068	 076	 088
068	 076	 090
068	 080	 088
068	 080	 090
068	 080	 192
068	 080	 194
068	 080	 197
068	 080	 200
068	 080	 207
068	 080	 209
068	 080	 211
068	 082	 194
068	 082	 197
068	 082	 200
068	 082	 207
068	 082	 209
068	 084	 194
068	 084	 197
068	 084	 200
068	 084	 207
068	 084	 209
068	 084	 999
068	 086	 088
068	 086	 090
068	 086	 192
068	 086	 194
068	 086	 197
068	 086	 200
068	 086	 207
068	 086	 209
068	 086	 211
068	 088	 211
068	 088	 213
068	 088	 999
068	 192	 197
068	 192	 200
072	 074	 999
072	 076	 078
072	 076	 080
072	 076	 082
072	 076	 084
072	 076	 086
072	 076	 088
072	 076	 090
072	 076	 192
072	 076	 194
072	 076	 197
072	 076	 209
072	 076	 211
072	 076	 213
072	 076	 999
072	 078	 080
072	 078	 082
072	 078	 084
072	 078	 086
072	 078	 088
072	 078	 090
072	 080	 197
072	 080	 200
072	 080	 207
072	 080	 209
072	 080	 211
072	 080	 213
072	 080	 999
072	 082	 084
072	 082	 211
072	 082	 213
072	 082	 999
072	 084	 211
072	 084	 213
072	 084	 999
072	 194	 211
072	 194	 213
072	 194	 999
072	 197	 200
072	 197	 207
072	 197	 209
072	 200	 211
072	 200	 213
072	 200	 999
072	 207	 209
072	 207	 211
072	 207	 213
072	 207	 999
072	 209	 999
072	 211	 213
072	 211	 999
072	 213	 999
074	 076	 078
074	 076	 080
074	 076	 082
074	 076	 084
074	 076	 086
074	 076	 088
074	 076	 192
074	 076	 194
074	 076	 197
074	 076	 200
074	 076	 207
074	 076	 209
074	 076	 211
074	 076	 213
074	 076	 999
074	 078	 080
074	 078	 082
074	 078	 084
074	 078	 086
074	 078	 088
074	 078	 090
074	 078	 192
074	 078	 194
074	 078	 197
074	 078	 200
074	 078	 207
074	 078	 209
074	 078	 211
074	 078	 213
074	 080	 090
074	 080	 192
074	 080	 194
074	 080	 197
074	 080	 200
074	 080	 207
074	 080	 209
074	 084	 197
074	 084	 200
074	 084	 207
074	 086	 999
074	 088	 090
074	 088	 192
074	 088	 194
074	 088	 197
074	 088	 200
074	 088	 207
074	 088	 209
074	 088	 211
074	 088	 213
074	 090	 194
074	 090	 197
074	 090	 200
074	 090	 207
074	 090	 209
074	 090	 211
074	 090	 213
074	 090	 999
074	 192	 194
074	 192	 197
074	 192	 207
074	 192	 209
074	 192	 211
074	 192	 213
074	 192	 999
074	 194	 197
074	 194	 200
074	 194	 207
074	 194	 209
074	 194	 211
074	 194	 213
074	 207	 213
074	 207	 999
074	 209	 211
074	 209	 213
074	 209	 999
074	 211	 213
074	 211	 999
074	 213	 999
076	 078	 080
076	 078	 082
076	 080	 088
076	 080	 090
076	 080	 192
076	 080	 194
076	 080	 197
076	 080	 200
076	 080	 207
076	 080	 209
076	 082	 086
076	 082	 088
076	 082	 090
076	 082	 192
076	 082	 194
076	 082	 197
076	 082	 200
076	 082	 207
076	 082	 999
076	 084	 086
076	 084	 088
076	 084	 090
076	 084	 192
076	 084	 194
076	 084	 197
076	 084	 200
076	 084	 207
076	 086	 209
076	 086	 211
076	 086	 213
076	 086	 999
076	 088	 090
076	 088	 192
076	 088	 194
076	 088	 197
076	 088	 200
076	 088	 207
076	 088	 209
076	 088	 211
076	 088	 213
076	 090	 200
076	 090	 207
076	 090	 209
076	 090	 211
076	 090	 213
076	 090	 999
076	 192	 194
076	 192	 197
076	 200	 211
076	 200	 213
076	 200	 999
078	 080	 088
078	 080	 090
078	 080	 192
078	 080	 194
078	 080	 197
078	 080	 200
078	 080	 207
078	 080	 209
078	 080	 211
078	 080	 213
078	 080	 999
078	 084	 194
078	 084	 197
078	 084	 200
078	 084	 207
078	 084	 209
078	 084	 211
078	 084	 213
078	 084	 999
078	 086	 088
078	 086	 090
078	 086	 192
078	 086	 194
078	 086	 197
078	 086	 200
078	 086	 207
078	 086	 209
078	 086	 211
078	 086	 213
078	 086	 999
078	 192	 197
078	 192	 200
078	 192	 207
078	 192	 209
078	 197	 211
078	 197	 213
078	 197	 999
078	 200	 207
078	 200	 209
078	 200	 211
078	 200	 213
078	 200	 999
078	 207	 209
078	 207	 211
078	 207	 213
080	 082	 207
080	 082	 209
080	 082	 211
080	 082	 213
080	 082	 999
080	 084	 086
080	 084	 088
080	 084	 090
080	 084	 192
080	 088	 194
080	 088	 197
080	 088	 200
080	 088	 213
080	 088	 999
080	 090	 192
080	 090	 194
080	 090	 197
080	 090	 200
080	 090	 207
080	 090	 209
080	 090	 211
080	 192	 207
080	 192	 209
080	 192	 211
080	 192	 213
080	 192	 999
080	 194	 197
080	 194	 200
080	 200	 999
080	 207	 209
080	 207	 211
080	 207	 213
080	 207	 999
080	 209	 211
080	 209	 213
080	 209	 999
080	 211	 213
082	 084	 088
082	 084	 090
082	 084	 192
082	 084	 194
082	 084	 197
082	 084	 200
082	 084	 207
082	 084	 209
082	 084	 211
082	 088	 192
082	 088	 194
082	 088	 197
082	 088	 200
082	 088	 207
082	 088	 209
082	 088	 211
082	 088	 213
082	 088	 999
082	 090	 192
082	 090	 194
082	 090	 197
082	 090	 200
082	 090	 207
082	 090	 209
082	 090	 211
082	 090	 213
082	 090	 999
082	 192	 194
082	 192	 197
082	 192	 200
082	 192	 207
082	 209	 213
082	 209	 999
082	 211	 213
082	 211	 999
082	 213	 999
084	 086	 088
084	 086	 090
084	 086	 192
084	 086	 194
084	 209	 999
084	 211	 213
086	 090	 209
086	 090	 211
086	 090	 213
086	 090	 999
086	 192	 194
086	 192	 197
086	 192	 200
086	 194	 999
088	 194	 209
088	 194	 211
088	 194	 213
088	 194	 999
088	 197	 200
088	 197	 207
088	 197	 209
088	 211	 213
088	 211	 999
088	 213	 999
090	 192	 194
090	 192	 197
090	 192	 200
090	 192	 207
090	 192	 209
090	 192	 211
090	 194	 197
090	 194	 200
090	 194	 207
090	 194	 209
090	 194	 211
090	 194	 213
090	 194	 999
090	 197	 200
090	 197	 207
090	 197	 209
090	 200	 211
090	 200	 213
090	 200	 999
090	 207	 209
090	 207	 211
090	 207	 213
090	 207	 999
192	 194	 200
192	 194	 207
192	 194	 209
192	 194	 211
192	 194	 213
192	 200	 207
192	 200	 209
192	 200	 211
192	 200	 213
192	 200	 999
197	 207	 209
197	 207	 211
197	 207	 213
197	 207	 999
197	 209	 211
197	 209	 213
197	 209	 999
197	 211	 213
197	 211	 999
197	 213	 999
200	 211	 999
200	 213	 999
207	 209	 211
207	 209	 213
209	 211	 213
209	 211	 999
209	 213	 999
211	 213	 999
