012	 030	 082
012	 030	 084
012	 030	 086
012	 030	 088
012	 030	 090
012	 030	 192
012	 030	 194
012	 030	 195
012	 030	 197
012	 030	 199
012	 030	 200
012	 030	 207
012	 042	 044
012	 042	 046
012	 042	 048
012	 042	 050
012	 042	 052
012	 042	 054
012	 042	 056
012	 042	 058
012	 042	 060
012	 042	 062
012	 044	 048
012	 044	 050
012	 044	 052
012	 044	 054
012	 044	 056
012	 044	 058
012	 044	 060
012	 044	 062
012	 044	 064
012	 044	 066
012	 046	 086
012	 046	 088
012	 046	 090
012	 046	 192
012	 046	 194
012	 046	 195
012	 048	 066
012	 048	 068
012	 048	 070
012	 048	 072
012	 048	 074
012	 048	 076
012	 048	 078
012	 048	 080
012	 048	 084
012	 048	 086
012	 048	 088
012	 048	 090
012	 048	 192
012	 048	 194
012	 048	 195
012	 048	 197
012	 048	 199
012	 048	 200
012	 048	 207
012	 050	 068
012	 050	 070
012	 050	 072
012	 050	 074
012	 050	 076
012	 050	 078
012	 050	 080
012	 050	 082
012	 050	 084
012	 050	 086
012	 050	 088
012	 050	 090
012	 052	 066
012	 052	 068
012	 052	 070
012	 052	 072
012	 052	 074
012	 052	 076
012	 052	 078
012	 052	 088
012	 052	 090
012	 052	 192
012	 052	 194
012	 052	 195
012	 052	 197
012	 052	 199
012	 052	 200
012	 054	 060
012	 054	 062
012	 054	 064
012	 054	 066
012	 054	 068
012	 054	 082
012	 054	 084
012	 054	 086
012	 054	 088
012	 054	 090
012	 054	 192
012	 054	 213
012	 054	 999
012	 056	 058
012	 056	 060
012	 056	 088
012	 056	 090
012	 056	 192
012	 056	 194
012	 056	 195
012	 056	 197
012	 056	 199
012	 056	 200
012	 056	 207
012	 056	 209
012	 056	 211
012	 058	 062
012	 058	 064
012	 058	 066
012	 058	 068
012	 058	 070
012	 058	 072
012	 058	 074
012	 058	 076
012	 058	 078
012	 058	 084
012	 058	 086
012	 058	 088
012	 058	 090
012	 058	 192
012	 058	 194
012	 058	 195
012	 058	 197
012	 058	 199
012	 058	 200
012	 058	 209
012	 058	 211
012	 058	 213
012	 058	 999
012	 060	 062
012	 060	 064
012	 060	 066
012	 060	 068
012	 060	 070
012	 060	 072
012	 060	 074
012	 060	 078
012	 060	 080
012	 060	 082
012	 060	 084
012	 060	 086
012	 060	 088
012	 060	 090
012	 060	 192
012	 060	 194
012	 060	 195
012	 060	 197
012	 062	 086
012	 062	 088
012	 062	 090
012	 062	 192
012	 062	 194
012	 062	 195
012	 062	 207
012	 062	 209
012	 062	 211
012	 062	 213
012	 062	 999
012	 064	 066
012	 064	 068
012	 064	 070
012	 064	 072
012	 064	 209
012	 064	 211
012	 064	 213
012	 064	 999
012	 066	 068
012	 066	 070
012	 066	 072
012	 066	 074
012	 066	 084
012	 066	 086
012	 066	 088
012	 066	 090
012	 066	 192
012	 066	 194
012	 066	 195
012	 066	 197
012	 068	 209
012	 068	 211
012	 068	 213
012	 068	 999
012	 070	 072
012	 070	 074
012	 070	 076
012	 070	 078
012	 070	 080
012	 070	 082
012	 070	 084
012	 072	 074
012	 072	 076
012	 072	 078
012	 072	 080
012	 072	 082
012	 072	 084
012	 072	 086
012	 072	 088
012	 072	 090
012	 072	 192
012	 076	 197
012	 076	 199
012	 076	 200
012	 076	 207
012	 076	 209
012	 076	 211
012	 076	 213
012	 076	 999
012	 078	 080
012	 080	 082
012	 080	 084
012	 080	 086
012	 080	 088
012	 080	 090
012	 080	 192
012	 080	 194
012	 080	 195
012	 080	 207
012	 080	 209
012	 080	 211
012	 080	 213
012	 080	 999
012	 082	 084
012	 082	 086
012	 082	 088
012	 082	 090
012	 082	 192
012	 082	 194
012	 082	 195
012	 082	 197
012	 082	 199
012	 082	 200
012	 082	 207
012	 082	 209
012	 082	 211
012	 082	 213
012	 082	 999
012	 084	 086
012	 084	 200
012	 084	 207
012	 084	 209
012	 084	 211
012	 084	 213
012	 088	 090
012	 088	 192
012	 088	 194
012	 088	 195
012	 088	 197
012	 088	 199
012	 088	 200
012	 088	 207
012	 088	 209
012	 088	 211
012	 195	 200
012	 195	 207
014	 016	 018
014	 016	 020
014	 016	 022
014	 016	 024
014	 016	 030
014	 016	 032
014	 016	 034
014	 016	 036
014	 016	 038
014	 016	 040
014	 016	 042
014	 016	 044
014	 016	 046
014	 016	 048
014	 016	 068
014	 016	 070
014	 016	 072
014	 018	 040
014	 018	 042
014	 018	 044
014	 018	 046
014	 018	 048
014	 018	 050
014	 020	 074
014	 020	 076
014	 020	 078
014	 020	 200
014	 022	 066
014	 022	 068
014	 022	 070
014	 022	 072
014	 022	 074
014	 022	 076
014	 022	 078
014	 022	 080
014	 022	 082
014	 022	 084
014	 022	 197
014	 022	 199
014	 022	 200
014	 022	 207
014	 022	 209
014	 022	 211
014	 024	 054
014	 024	 056
014	 024	 058
014	 024	 060
014	 024	 062
014	 024	 064
014	 024	 066
014	 024	 068
014	 024	 200
014	 024	 207
014	 024	 209
014	 024	 211
014	 024	 213
014	 024	 999
014	 026	 028
014	 026	 030
014	 026	 036
014	 026	 038
014	 026	 040
014	 026	 042
014	 026	 044
014	 026	 046
014	 026	 048
014	 026	 050
014	 026	 052
014	 026	 054
014	 026	 192
014	 026	 194
014	 026	 195
014	 026	 197
014	 026	 199
014	 026	 200
014	 028	 042
014	 030	 046
014	 030	 048
014	 030	 050
014	 030	 052
014	 030	 054
014	 030	 056
014	 030	 072
014	 030	 074
014	 030	 076
014	 030	 078
014	 030	 080
014	 030	 213
014	 030	 999
014	 032	 034
014	 032	 036
014	 032	 038
014	 032	 040
014	 032	 042
014	 032	 044
014	 032	 046
014	 032	 048
014	 032	 052
014	 032	 054
014	 032	 056
014	 032	 058
014	 032	 060
014	 032	 062
014	 032	 064
014	 032	 066
014	 032	 068
014	 032	 070
014	 032	 072
014	 032	 199
014	 032	 200
014	 032	 207
014	 032	 209
014	 032	 211
014	 032	 213
014	 032	 999
014	 034	 036
014	 034	 038
014	 034	 040
014	 034	 042
014	 034	 050
014	 034	 052
014	 034	 054
014	 034	 056
014	 034	 058
014	 034	 060
014	 034	 062
014	 034	 064
014	 034	 066
014	 034	 076
014	 034	 078
014	 034	 080
014	 034	 082
014	 034	 084
014	 034	 086
014	 034	 088
014	 034	 090
014	 034	 207
014	 034	 209
014	 034	 211
014	 034	 213
014	 034	 999
014	 036	 038
014	 038	 064
014	 038	 066
014	 038	 068
014	 038	 070
014	 038	 072
014	 038	 074
014	 038	 076
014	 038	 078
014	 038	 080
014	 038	 082
014	 038	 084
014	 038	 192
014	 038	 194
014	 038	 195
014	 038	 197
014	 038	 199
014	 038	 200
014	 038	 207
014	 038	 209
014	 038	 211
014	 040	 062
014	 040	 064
014	 040	 066
014	 040	 068
014	 040	 070
014	 040	 072
014	 040	 074
014	 040	 076
014	 040	 078
014	 040	 080
014	 040	 082
014	 040	 084
014	 042	 078
014	 042	 080
014	 042	 082
014	 042	 084
014	 042	 086
014	 042	 195
014	 042	 197
014	 042	 199
014	 042	 200
014	 042	 207
014	 042	 209
014	 042	 211
014	 042	 213
014	 044	 070
014	 044	 072
014	 044	 074
014	 044	 076
014	 044	 078
014	 044	 080
014	 044	 082
014	 044	 084
014	 044	 086
014	 044	 088
014	 044	 090
014	 046	 054
014	 046	 056
014	 046	 058
014	 046	 060
014	 046	 062
014	 046	 064
014	 046	 066
014	 046	 068
014	 046	 070
014	 046	 072
014	 046	 086
014	 046	 088
014	 046	 090
014	 046	 192
014	 046	 194
014	 046	 195
014	 048	 195
014	 048	 197
014	 048	 199
014	 048	 200
014	 048	 207
014	 048	 213
014	 048	 999
014	 050	 052
014	 050	 054
014	 050	 056
014	 050	 058
014	 050	 060
014	 050	 062
014	 050	 064
014	 050	 066
014	 052	 086
014	 052	 088
014	 052	 090
014	 052	 192
014	 052	 194
014	 052	 195
014	 052	 197
014	 052	 199
014	 052	 200
014	 054	 064
014	 054	 066
014	 054	 068
014	 054	 082
014	 054	 084
014	 054	 086
014	 054	 088
014	 054	 090
014	 054	 192
014	 056	 068
014	 056	 070
014	 056	 072
014	 056	 074
014	 056	 076
014	 056	 078
014	 056	 080
014	 056	 082
014	 056	 084
014	 056	 209
014	 056	 211
014	 058	 074
014	 058	 076
014	 058	 078
014	 058	 207
014	 058	 209
014	 058	 211
014	 058	 213
014	 058	 999
014	 060	 062
014	 060	 064
014	 060	 066
014	 060	 068
014	 060	 070
014	 060	 072
014	 060	 074
014	 060	 209
014	 060	 211
014	 060	 213
014	 060	 999
014	 062	 064
014	 062	 066
014	 062	 068
014	 062	 070
014	 062	 072
014	 062	 078
014	 062	 080
014	 062	 082
014	 062	 084
014	 062	 086
014	 062	 088
014	 062	 090
014	 062	 192
014	 062	 194
014	 062	 195
014	 064	 086
014	 064	 088
014	 064	 090
014	 064	 192
014	 064	 194
014	 064	 195
014	 066	 090
014	 066	 192
014	 066	 194
014	 066	 195
014	 066	 197
014	 066	 207
014	 066	 209
014	 066	 211
014	 066	 213
014	 066	 999
014	 068	 070
014	 068	 072
014	 068	 074
014	 068	 076
014	 068	 078
014	 070	 195
014	 070	 197
014	 070	 199
014	 070	 200
014	 070	 207
014	 070	 209
014	 070	 211
014	 072	 200
014	 072	 207
014	 072	 209
014	 072	 211
014	 072	 213
014	 072	 999
014	 074	 076
014	 074	 078
014	 074	 084
014	 074	 086
014	 074	 088
014	 074	 090
014	 074	 192
014	 074	 194
014	 074	 195
014	 074	 197
014	 074	 199
014	 074	 200
014	 076	 084
014	 076	 086
014	 076	 088
014	 076	 090
014	 078	 082
014	 078	 084
014	 078	 086
014	 078	 088
014	 078	 090
014	 078	 192
014	 078	 194
014	 078	 195
014	 078	 197
014	 078	 199
014	 078	 200
014	 078	 207
014	 080	 082
014	 080	 084
014	 080	 086
014	 080	 088
014	 080	 090
014	 080	 192
014	 080	 194
014	 080	 195
014	 086	 207
014	 086	 209
014	 086	 211
014	 086	 213
014	 086	 999
014	 088	 090
014	 088	 192
014	 088	 194
014	 088	 195
014	 088	 197
014	 088	 199
014	 088	 200
014	 088	 207
014	 088	 209
014	 088	 211
014	 192	 197
014	 192	 199
014	 192	 200
014	 192	 207
014	 192	 209
014	 192	 211
014	 192	 213
014	 192	 999
014	 194	 195
014	 195	 207
014	 195	 211
014	 195	 213
014	 195	 999
014	 197	 199
014	 197	 200
014	 197	 207
014	 197	 209
014	 197	 211
014	 197	 213
014	 197	 999
014	 199	 200
016	 018	 030
016	 018	 032
016	 018	 034
016	 018	 036
016	 018	 038
016	 018	 040
016	 018	 042
016	 018	 044
016	 018	 046
016	 018	 048
016	 018	 050
016	 018	 194
016	 018	 195
016	 018	 197
016	 018	 207
016	 018	 209
016	 018	 211
016	 018	 213
016	 018	 999
016	 020	 022
016	 020	 024
016	 020	 026
016	 020	 028
016	 020	 030
016	 020	 046
016	 020	 048
016	 020	 050
016	 020	 052
016	 020	 054
016	 020	 088
016	 020	 090
016	 020	 192
016	 020	 194
016	 020	 195
016	 020	 197
016	 020	 199
016	 020	 200
016	 020	 999
016	 022	 024
016	 022	 026
016	 022	 028
016	 022	 030
016	 022	 032
016	 022	 034
016	 022	 036
016	 022	 040
016	 022	 042
016	 022	 044
016	 022	 046
016	 022	 048
016	 022	 050
016	 022	 052
016	 022	 054
016	 022	 056
016	 022	 058
016	 022	 060
016	 022	 209
016	 022	 211
016	 024	 032
016	 024	 034
016	 024	 036
016	 024	 038
016	 024	 040
016	 024	 042
016	 024	 044
016	 024	 046
016	 024	 048
016	 024	 050
016	 024	 052
016	 024	 054
016	 024	 056
016	 024	 058
016	 024	 060
016	 024	 062
016	 024	 064
016	 024	 066
016	 024	 068
016	 024	 080
016	 024	 082
016	 024	 084
016	 024	 086
016	 024	 088
016	 024	 090
016	 024	 192
016	 024	 194
016	 024	 195
016	 024	 197
016	 024	 199
016	 024	 200
016	 024	 207
016	 024	 209
016	 024	 211
016	 024	 213
016	 024	 999
016	 026	 028
016	 026	 030
016	 026	 036
016	 026	 038
016	 026	 040
016	 026	 042
016	 026	 044
016	 026	 046
016	 026	 048
016	 026	 050
016	 026	 052
016	 026	 054
016	 028	 030
016	 028	 032
016	 028	 034
016	 028	 036
016	 028	 038
016	 028	 040
016	 028	 042
016	 028	 046
016	 028	 048
016	 028	 050
016	 028	 052
016	 028	 054
016	 028	 056
016	 028	 058
016	 028	 060
016	 028	 062
016	 028	 064
016	 028	 066
016	 028	 090
016	 028	 194
016	 028	 195
016	 028	 197
016	 028	 199
016	 028	 200
016	 028	 207
016	 028	 209
016	 028	 211
016	 028	 213
016	 028	 999
016	 030	 032
016	 030	 036
016	 030	 038
016	 030	 040
016	 030	 042
016	 030	 044
016	 030	 046
016	 030	 048
016	 030	 050
016	 030	 052
016	 030	 054
016	 030	 056
016	 030	 080
016	 032	 034
016	 032	 036
016	 032	 038
016	 032	 040
016	 032	 042
016	 032	 044
016	 032	 046
016	 032	 048
016	 032	 056
016	 032	 058
016	 032	 060
016	 032	 062
016	 032	 064
016	 032	 066
016	 032	 068
016	 032	 070
016	 032	 072
016	 034	 084
016	 034	 086
016	 034	 088
016	 034	 090
016	 036	 042
016	 036	 044
016	 036	 046
016	 036	 048
016	 036	 050
016	 036	 052
016	 036	 054
016	 036	 056
016	 036	 058
016	 036	 060
016	 036	 062
016	 040	 048
016	 040	 050
016	 040	 052
016	 040	 054
016	 040	 056
016	 040	 058
016	 040	 060
016	 040	 194
016	 040	 195
016	 040	 197
016	 040	 199
016	 040	 200
016	 040	 207
016	 040	 209
016	 040	 211
016	 042	 062
016	 042	 207
016	 042	 209
016	 042	 211
016	 042	 213
016	 044	 072
016	 044	 074
016	 044	 076
016	 044	 078
016	 044	 080
016	 044	 082
016	 044	 084
016	 044	 086
016	 044	 088
016	 044	 090
016	 044	 194
016	 044	 195
016	 044	 197
016	 044	 199
016	 044	 200
016	 044	 207
016	 044	 209
016	 044	 211
016	 044	 213
016	 044	 999
016	 046	 048
016	 046	 056
016	 046	 058
016	 046	 060
016	 046	 062
016	 046	 064
016	 046	 066
016	 046	 068
016	 046	 070
016	 046	 072
016	 046	 080
016	 046	 082
016	 046	 084
016	 046	 086
016	 046	 088
016	 046	 090
016	 046	 192
016	 046	 194
016	 046	 195
016	 048	 052
016	 048	 054
016	 048	 056
016	 052	 078
016	 052	 084
016	 052	 086
016	 052	 088
016	 052	 090
016	 052	 192
016	 052	 194
016	 052	 195
016	 052	 197
016	 052	 199
016	 052	 200
016	 054	 060
016	 054	 062
016	 054	 064
016	 054	 066
016	 054	 068
016	 056	 195
016	 056	 197
016	 056	 199
016	 056	 200
016	 056	 207
016	 056	 209
016	 056	 211
016	 062	 082
016	 062	 084
016	 062	 086
016	 062	 088
016	 062	 090
016	 062	 192
016	 062	 194
016	 062	 195
016	 064	 076
016	 064	 078
016	 064	 080
016	 064	 082
016	 064	 084
016	 064	 086
016	 064	 088
016	 064	 090
016	 064	 192
016	 064	 194
016	 064	 195
016	 066	 074
016	 068	 211
016	 068	 213
016	 068	 999
016	 070	 072
016	 070	 074
016	 070	 076
016	 070	 078
016	 070	 080
016	 070	 082
016	 070	 084
016	 070	 086
016	 070	 088
016	 070	 090
016	 070	 192
016	 070	 194
016	 070	 195
016	 070	 197
016	 070	 199
016	 070	 200
016	 070	 207
016	 070	 209
016	 070	 211
016	 072	 074
016	 072	 076
016	 072	 078
016	 072	 080
016	 072	 082
016	 072	 084
016	 072	 086
016	 072	 088
016	 072	 090
016	 072	 192
016	 072	 211
016	 072	 213
016	 072	 999
016	 074	 076
016	 074	 078
016	 074	 195
016	 074	 197
016	 074	 199
016	 074	 200
016	 074	 209
016	 074	 211
016	 074	 213
016	 074	 999
016	 076	 078
016	 076	 080
016	 076	 082
016	 076	 084
016	 076	 086
016	 076	 088
016	 076	 090
016	 076	 192
016	 076	 194
016	 076	 195
016	 076	 197
016	 076	 199
016	 076	 200
016	 076	 207
016	 076	 209
016	 076	 211
016	 076	 213
016	 076	 999
016	 078	 080
016	 078	 192
016	 078	 194
016	 078	 195
016	 078	 197
016	 078	 199
016	 078	 200
016	 078	 207
016	 080	 082
016	 080	 084
016	 080	 086
016	 080	 088
016	 080	 090
016	 080	 192
016	 080	 194
016	 080	 195
016	 080	 211
016	 080	 213
016	 080	 999
016	 082	 084
016	 082	 086
016	 082	 088
016	 082	 090
016	 086	 197
016	 086	 199
016	 086	 200
016	 086	 207
016	 086	 209
016	 086	 211
016	 088	 999
016	 090	 192
016	 090	 194
016	 090	 195
016	 090	 197
016	 090	 199
016	 090	 200
016	 090	 207
016	 090	 209
016	 090	 211
016	 090	 213
016	 195	 213
016	 195	 999
016	 197	 199
016	 197	 200
016	 197	 207
016	 197	 209
016	 197	 211
016	 197	 213
016	 197	 999
016	 199	 200
016	 200	 207
016	 200	 209
016	 200	 211
016	 200	 213
016	 200	 999
016	 207	 209
016	 207	 211
018	 020	 078
018	 020	 080
018	 020	 082
018	 020	 084
018	 020	 086
018	 020	 088
018	 020	 090
018	 020	 192
018	 020	 194
018	 020	 195
018	 020	 197
018	 020	 199
018	 020	 211
018	 020	 213
018	 020	 999
018	 022	 024
018	 022	 026
018	 022	 028
018	 022	 030
018	 022	 032
018	 022	 034
018	 022	 076
018	 022	 078
018	 022	 080
018	 022	 082
018	 022	 195
018	 022	 197
018	 022	 199
018	 022	 200
018	 022	 207
018	 022	 209
018	 022	 999
018	 024	 026
018	 024	 028
018	 024	 030
018	 024	 032
018	 024	 034
018	 024	 036
018	 024	 038
018	 024	 040
018	 024	 042
018	 024	 046
018	 024	 048
018	 024	 050
018	 024	 052
018	 024	 054
018	 024	 056
018	 024	 058
018	 024	 060
018	 024	 062
018	 024	 064
018	 024	 066
018	 026	 038
018	 026	 040
018	 026	 042
018	 026	 044
018	 026	 046
018	 026	 048
018	 026	 050
018	 026	 052
018	 026	 072
018	 026	 074
018	 026	 076
018	 026	 082
018	 026	 084
018	 026	 086
018	 026	 088
018	 026	 090
018	 026	 192
018	 026	 194
018	 026	 195
018	 026	 197
018	 026	 199
018	 028	 038
018	 028	 040
018	 028	 042
018	 028	 044
018	 028	 046
018	 028	 048
018	 028	 050
018	 028	 052
018	 028	 054
018	 028	 056
018	 028	 058
018	 028	 060
018	 028	 062
018	 028	 064
018	 028	 072
018	 028	 074
018	 028	 076
018	 028	 078
018	 028	 080
018	 028	 082
018	 028	 084
018	 028	 086
018	 028	 088
018	 028	 194
018	 028	 195
018	 028	 197
018	 028	 199
018	 028	 200
018	 028	 207
018	 028	 209
018	 028	 211
018	 028	 213
018	 028	 999
018	 030	 040
018	 030	 042
018	 030	 044
018	 030	 046
018	 030	 048
018	 030	 050
018	 030	 052
018	 030	 054
018	 030	 064
018	 030	 066
018	 030	 068
018	 030	 070
018	 030	 072
018	 030	 074
018	 030	 076
018	 030	 078
018	 030	 195
018	 030	 197
018	 030	 199
018	 030	 200
018	 032	 197
018	 032	 199
018	 032	 200
018	 032	 207
018	 032	 209
018	 032	 211
018	 032	 213
018	 032	 999
018	 034	 036
018	 034	 038
018	 034	 040
018	 034	 072
018	 034	 074
018	 034	 076
018	 034	 078
018	 034	 080
018	 034	 082
018	 034	 084
018	 034	 086
018	 034	 088
018	 036	 042
018	 036	 044
018	 036	 046
018	 036	 048
018	 036	 050
018	 036	 052
018	 036	 054
018	 036	 056
018	 036	 058
018	 036	 060
018	 038	 042
018	 038	 044
018	 038	 046
018	 038	 048
018	 038	 050
018	 038	 052
018	 038	 054
018	 038	 056
018	 038	 058
018	 042	 199
018	 042	 200
018	 042	 207
018	 042	 209
018	 042	 211
018	 044	 048
018	 044	 050
018	 044	 052
018	 044	 054
018	 044	 056
018	 044	 058
018	 044	 060
018	 044	 062
018	 044	 064
018	 044	 200
018	 044	 207
018	 044	 209
018	 044	 211
018	 044	 213
018	 044	 999
018	 046	 062
018	 046	 064
018	 046	 066
018	 046	 068
018	 046	 070
018	 048	 082
018	 048	 084
018	 048	 086
018	 048	 088
018	 048	 090
018	 048	 192
018	 048	 194
018	 048	 195
018	 048	 197
018	 048	 199
018	 048	 200
018	 050	 078
018	 050	 080
018	 050	 082
018	 050	 084
018	 050	 086
018	 050	 088
018	 050	 194
018	 050	 195
018	 050	 197
018	 050	 199
018	 050	 200
018	 050	 207
018	 050	 209
018	 050	 211
018	 050	 213
018	 050	 999
018	 052	 068
018	 052	 070
018	 052	 072
018	 052	 074
018	 052	 076
018	 052	 084
018	 052	 086
018	 052	 088
018	 052	 090
018	 052	 192
018	 052	 194
018	 052	 195
018	 052	 197
018	 052	 199
018	 052	 213
018	 052	 999
018	 054	 056
018	 054	 058
018	 054	 060
018	 054	 062
018	 054	 064
018	 054	 066
018	 054	 070
018	 054	 072
018	 054	 074
018	 054	 076
018	 054	 078
018	 054	 080
018	 054	 082
018	 054	 084
018	 054	 086
018	 054	 088
018	 054	 090
018	 056	 195
018	 056	 197
018	 056	 199
018	 056	 200
018	 056	 207
018	 056	 209
018	 058	 192
018	 058	 194
018	 058	 195
018	 058	 197
018	 058	 199
018	 060	 088
018	 060	 090
018	 060	 192
018	 060	 194
018	 060	 195
018	 062	 213
018	 062	 999
018	 064	 066
018	 064	 068
018	 064	 070
018	 064	 084
018	 064	 086
018	 064	 088
018	 064	 090
018	 064	 192
018	 064	 194
018	 064	 195
018	 064	 197
018	 064	 199
018	 064	 200
018	 064	 207
018	 064	 209
018	 064	 211
018	 064	 213
018	 064	 999
018	 066	 068
018	 066	 070
018	 066	 072
018	 070	 074
018	 070	 076
018	 070	 078
018	 070	 080
018	 070	 082
018	 070	 199
018	 070	 200
018	 070	 207
018	 070	 209
018	 072	 207
018	 072	 209
018	 072	 211
018	 072	 213
018	 072	 999
018	 074	 076
018	 074	 088
018	 074	 090
018	 074	 192
018	 074	 194
018	 074	 195
018	 074	 197
018	 074	 199
018	 076	 080
018	 076	 082
018	 076	 084
018	 076	 086
018	 076	 088
018	 076	 211
018	 076	 213
018	 076	 999
018	 080	 086
018	 080	 088
018	 080	 090
018	 080	 192
018	 080	 194
018	 082	 194
018	 082	 195
018	 082	 197
018	 082	 199
018	 082	 200
018	 082	 207
018	 082	 209
018	 082	 211
018	 082	 213
018	 082	 999
018	 086	 207
018	 086	 209
018	 088	 200
018	 088	 207
018	 088	 209
018	 194	 213
018	 194	 999
018	 195	 197
018	 195	 199
018	 195	 200
018	 199	 207
018	 199	 209
018	 199	 211
018	 199	 213
018	 199	 999
018	 200	 207
018	 200	 209
018	 200	 211
018	 200	 213
018	 200	 999
018	 207	 209
018	 207	 999
018	 209	 211
018	 209	 213
018	 209	 999
018	 211	 213
018	 211	 999
018	 213	 999
020	 022	 024
020	 022	 026
020	 022	 028
020	 022	 074
020	 022	 076
020	 022	 084
020	 022	 086
020	 022	 088
020	 022	 090
020	 022	 192
020	 022	 194
020	 022	 195
020	 022	 197
020	 022	 199
020	 022	 999
020	 024	 026
020	 024	 028
020	 024	 030
020	 024	 032
020	 024	 034
020	 024	 036
020	 024	 060
020	 024	 070
020	 024	 072
020	 024	 074
020	 024	 076
020	 024	 078
020	 024	 080
020	 024	 082
020	 024	 084
020	 026	 084
020	 026	 086
020	 026	 088
020	 026	 090
020	 026	 192
020	 026	 194
020	 028	 199
020	 028	 200
020	 028	 207
020	 028	 209
020	 030	 056
020	 030	 058
020	 030	 060
020	 030	 062
020	 030	 064
020	 030	 066
020	 030	 068
020	 030	 070
020	 030	 072
020	 030	 195
020	 030	 200
020	 030	 207
020	 030	 209
020	 030	 211
020	 030	 213
020	 030	 999
020	 032	 034
020	 032	 036
020	 032	 038
020	 032	 040
020	 032	 048
020	 032	 050
020	 032	 052
020	 032	 054
020	 032	 056
020	 032	 058
020	 032	 060
020	 032	 062
020	 032	 064
020	 032	 068
020	 032	 070
020	 032	 072
020	 032	 074
020	 032	 076
020	 032	 078
020	 032	 080
020	 032	 082
020	 032	 084
020	 032	 086
020	 032	 088
020	 032	 195
020	 032	 197
020	 032	 199
020	 032	 200
020	 032	 207
020	 032	 209
020	 032	 211
020	 032	 213
020	 032	 999
020	 034	 054
020	 034	 056
020	 034	 058
020	 034	 082
020	 034	 200
020	 034	 207
020	 034	 209
020	 036	 074
020	 036	 076
020	 036	 078
020	 038	 080
020	 038	 082
020	 038	 084
020	 038	 086
020	 038	 088
020	 038	 090
020	 038	 192
020	 038	 194
020	 038	 195
020	 038	 197
020	 038	 199
020	 038	 207
020	 038	 209
020	 038	 211
020	 038	 213
020	 038	 999
020	 040	 042
020	 040	 044
020	 040	 046
020	 040	 048
020	 040	 050
020	 040	 052
020	 040	 194
020	 040	 195
020	 040	 197
020	 040	 199
020	 040	 213
020	 040	 999
020	 042	 044
020	 042	 046
020	 042	 048
020	 042	 050
020	 042	 052
020	 042	 054
020	 044	 207
020	 044	 209
020	 044	 213
020	 044	 999
020	 046	 048
020	 046	 050
020	 046	 052
020	 046	 054
020	 046	 056
020	 046	 058
020	 046	 060
020	 046	 062
020	 046	 064
020	 048	 068
020	 048	 070
020	 048	 072
020	 048	 076
020	 048	 078
020	 048	 080
020	 048	 082
020	 048	 084
020	 048	 086
020	 048	 088
020	 048	 090
020	 048	 192
020	 048	 194
020	 048	 195
020	 050	 192
020	 050	 194
020	 050	 195
020	 050	 197
020	 050	 199
020	 050	 200
020	 050	 207
020	 050	 209
020	 052	 064
020	 052	 066
020	 052	 068
020	 052	 070
020	 052	 194
020	 054	 060
020	 054	 076
020	 054	 078
020	 054	 080
020	 054	 082
020	 054	 084
020	 058	 072
020	 058	 074
020	 058	 076
020	 058	 078
020	 058	 080
020	 058	 082
020	 058	 084
020	 058	 086
020	 058	 088
020	 058	 090
020	 058	 192
020	 058	 194
020	 060	 197
020	 060	 199
020	 060	 200
020	 060	 207
020	 060	 209
020	 060	 211
020	 060	 213
020	 060	 999
020	 062	 064
020	 062	 066
020	 062	 068
020	 062	 070
020	 062	 072
020	 062	 074
020	 062	 076
020	 062	 078
020	 062	 080
020	 062	 082
020	 062	 084
020	 062	 086
020	 062	 088
020	 062	 194
020	 062	 195
020	 062	 197
020	 062	 199
020	 062	 200
020	 062	 207
020	 062	 209
020	 062	 211
020	 062	 213
020	 062	 999
020	 066	 068
020	 066	 070
020	 066	 072
020	 066	 074
020	 066	 076
020	 066	 078
020	 066	 080
020	 066	 082
020	 066	 084
020	 066	 086
020	 066	 088
020	 066	 090
020	 066	 195
020	 066	 197
020	 066	 199
020	 066	 200
020	 066	 207
020	 066	 209
020	 066	 211
020	 066	 213
020	 066	 999
020	 068	 070
020	 068	 082
020	 068	 084
020	 068	 086
020	 068	 088
020	 068	 090
020	 068	 192
020	 068	 194
020	 070	 082
020	 070	 084
020	 070	 086
020	 070	 088
020	 070	 090
020	 070	 192
020	 070	 194
020	 070	 195
020	 070	 197
020	 070	 199
020	 070	 213
020	 070	 999
020	 072	 074
020	 072	 076
020	 072	 078
020	 072	 080
020	 072	 082
020	 072	 084
020	 080	 999
020	 082	 192
020	 082	 194
020	 082	 195
020	 082	 197
020	 082	 199
020	 082	 200
020	 082	 207
020	 082	 209
020	 084	 200
020	 086	 209
020	 086	 211
020	 086	 213
020	 086	 999
020	 088	 090
020	 088	 192
020	 088	 194
020	 088	 195
020	 088	 197
020	 088	 199
020	 192	 199
020	 192	 200
020	 192	 207
020	 192	 209
020	 197	 199
020	 197	 200
020	 197	 207
020	 197	 209
022	 024	 048
022	 024	 052
022	 024	 054
022	 024	 056
022	 024	 058
022	 024	 060
022	 024	 062
022	 024	 064
022	 024	 066
022	 024	 068
022	 024	 070
022	 024	 072
022	 026	 044
022	 026	 046
022	 026	 048
022	 026	 050
022	 026	 052
022	 026	 054
022	 026	 056
022	 026	 058
022	 026	 199
022	 026	 200
022	 026	 207
022	 026	 209
022	 026	 213
022	 026	 999
022	 028	 030
022	 028	 032
022	 028	 034
022	 028	 036
022	 028	 038
022	 028	 040
022	 028	 042
022	 028	 044
022	 028	 046
022	 030	 200
022	 030	 207
022	 030	 209
022	 030	 211
022	 032	 056
022	 032	 058
022	 032	 060
022	 032	 062
022	 032	 064
022	 032	 066
022	 032	 068
022	 032	 070
022	 032	 072
022	 032	 074
022	 032	 076
022	 034	 064
022	 034	 066
022	 034	 068
022	 034	 070
022	 034	 213
022	 034	 999
022	 036	 038
022	 036	 040
022	 036	 042
022	 036	 074
022	 036	 076
022	 036	 078
022	 036	 080
022	 036	 082
022	 036	 084
022	 036	 086
022	 036	 088
022	 036	 090
022	 038	 046
022	 038	 048
022	 038	 050
022	 038	 052
022	 038	 054
022	 038	 056
022	 038	 058
022	 038	 060
022	 038	 062
022	 038	 064
022	 038	 082
022	 038	 084
022	 038	 086
022	 038	 088
022	 040	 042
022	 040	 044
022	 040	 046
022	 040	 048
022	 040	 050
022	 040	 052
022	 040	 054
022	 040	 056
022	 040	 058
022	 040	 060
022	 040	 062
022	 040	 064
022	 040	 076
022	 040	 078
022	 040	 080
022	 040	 082
022	 040	 084
022	 040	 086
022	 040	 088
022	 042	 072
022	 042	 074
022	 042	 076
022	 042	 078
022	 042	 080
022	 042	 082
022	 042	 084
022	 042	 086
022	 042	 088
022	 042	 090
022	 042	 195
022	 042	 197
022	 042	 199
022	 042	 200
022	 042	 207
022	 042	 209
022	 042	 211
022	 042	 213
022	 042	 999
022	 044	 046
022	 044	 084
022	 044	 086
022	 044	 088
022	 044	 090
022	 044	 192
022	 044	 194
022	 044	 207
022	 044	 209
022	 044	 211
022	 044	 213
022	 044	 999
022	 046	 048
022	 046	 050
022	 046	 052
022	 046	 999
022	 048	 050
022	 048	 052
022	 048	 054
022	 048	 056
022	 048	 058
022	 048	 060
022	 048	 064
022	 048	 066
022	 048	 068
022	 048	 070
022	 048	 072
022	 048	 074
022	 048	 076
022	 048	 078
022	 048	 080
022	 048	 082
022	 048	 084
022	 048	 090
022	 048	 192
022	 048	 194
022	 048	 195
022	 048	 197
022	 048	 199
022	 048	 200
022	 048	 207
022	 048	 209
022	 048	 211
022	 050	 213
022	 050	 999
022	 052	 054
022	 052	 056
022	 052	 058
022	 052	 066
022	 052	 068
022	 052	 070
022	 052	 072
022	 052	 074
022	 052	 076
022	 052	 078
022	 052	 080
022	 052	 082
022	 052	 086
022	 052	 088
022	 052	 090
022	 052	 192
022	 052	 194
022	 052	 195
022	 052	 197
022	 052	 199
022	 052	 200
022	 052	 207
022	 052	 209
022	 052	 213
022	 052	 999
022	 054	 056
022	 054	 058
022	 054	 060
022	 054	 062
022	 054	 064
022	 054	 066
022	 054	 068
022	 054	 070
022	 054	 072
022	 054	 078
022	 054	 080
022	 054	 082
022	 054	 084
022	 054	 086
022	 054	 088
022	 054	 090
022	 054	 192
022	 054	 194
022	 054	 195
022	 058	 082
022	 060	 082
022	 060	 084
022	 060	 086
022	 060	 088
022	 060	 090
022	 060	 192
022	 060	 194
022	 060	 195
022	 060	 197
022	 060	 199
022	 060	 200
022	 062	 209
022	 062	 211
022	 062	 213
022	 062	 999
022	 064	 066
022	 064	 068
022	 064	 070
022	 064	 072
022	 064	 074
022	 064	 076
022	 068	 088
022	 068	 090
022	 068	 192
022	 068	 194
022	 068	 195
022	 068	 197
022	 068	 199
022	 068	 200
022	 068	 207
022	 068	 209
022	 070	 209
022	 070	 211
022	 070	 213
022	 070	 999
022	 072	 192
022	 072	 194
022	 072	 195
022	 074	 192
022	 074	 194
022	 074	 195
022	 074	 197
022	 074	 199
022	 074	 200
022	 074	 207
022	 074	 209
022	 076	 999
022	 078	 080
022	 078	 082
022	 078	 084
022	 078	 197
022	 078	 199
022	 078	 200
022	 078	 207
022	 078	 209
022	 078	 211
022	 080	 084
022	 080	 086
022	 080	 088
022	 080	 090
022	 080	 192
022	 080	 194
022	 080	 195
022	 080	 197
022	 080	 199
022	 086	 213
022	 086	 999
022	 088	 194
022	 088	 195
022	 088	 197
022	 088	 199
022	 088	 200
022	 088	 207
022	 088	 209
022	 088	 211
022	 088	 213
022	 088	 999
022	 194	 213
022	 194	 999
022	 195	 197
022	 195	 199
022	 195	 200
022	 195	 207
022	 195	 209
022	 195	 211
022	 197	 211
022	 197	 213
022	 197	 999
022	 199	 200
022	 199	 207
022	 199	 209
022	 207	 209
022	 207	 211
022	 207	 213
022	 207	 999
022	 209	 211
022	 209	 213
022	 209	 999
022	 211	 213
022	 211	 999
022	 213	 999
024	 026	 028
024	 026	 030
024	 026	 032
024	 026	 034
024	 026	 036
024	 026	 038
024	 026	 068
024	 026	 070
024	 026	 072
024	 026	 074
024	 026	 076
024	 026	 078
024	 026	 080
024	 026	 082
024	 026	 084
024	 026	 086
024	 026	 200
024	 026	 207
024	 026	 209
024	 026	 211
024	 026	 213
024	 028	 054
024	 028	 056
024	 028	 058
024	 028	 060
024	 028	 062
024	 028	 064
024	 028	 066
024	 028	 068
024	 028	 070
024	 028	 072
024	 028	 074
024	 028	 086
024	 028	 088
024	 028	 090
024	 028	 192
024	 028	 194
024	 028	 195
024	 028	 197
024	 028	 207
024	 028	 209
024	 028	 211
024	 028	 213
024	 028	 999
024	 030	 032
024	 030	 034
024	 030	 036
024	 030	 038
024	 030	 040
024	 030	 054
024	 030	 056
024	 030	 058
024	 030	 060
024	 030	 062
024	 030	 064
024	 032	 066
024	 032	 068
024	 032	 070
024	 032	 072
024	 032	 074
024	 032	 076
024	 032	 078
024	 032	 080
024	 032	 084
024	 032	 086
024	 032	 088
024	 032	 090
024	 032	 192
024	 032	 194
024	 032	 195
024	 032	 197
024	 032	 199
024	 032	 200
024	 032	 207
024	 032	 211
024	 032	 213
024	 032	 999
024	 034	 036
024	 034	 038
024	 034	 040
024	 034	 042
024	 034	 044
024	 034	 046
024	 034	 048
024	 034	 050
024	 034	 074
024	 036	 054
024	 036	 056
024	 036	 058
024	 036	 060
024	 036	 062
024	 036	 064
024	 036	 066
024	 036	 068
024	 036	 070
024	 036	 074
024	 036	 076
024	 036	 078
024	 036	 080
024	 036	 082
024	 036	 084
024	 036	 086
024	 036	 088
024	 036	 090
024	 036	 192
024	 036	 194
024	 038	 058
024	 038	 060
024	 038	 062
024	 038	 064
024	 038	 066
024	 038	 068
024	 038	 080
024	 038	 082
024	 038	 084
024	 038	 086
024	 038	 088
024	 038	 090
024	 038	 192
024	 038	 199
024	 038	 200
024	 038	 207
024	 038	 209
024	 038	 211
024	 038	 213
024	 038	 999
024	 040	 042
024	 040	 044
024	 042	 054
024	 042	 056
024	 042	 058
024	 042	 060
024	 042	 062
024	 042	 064
024	 042	 066
024	 042	 068
024	 042	 070
024	 042	 074
024	 042	 076
024	 042	 078
024	 042	 080
024	 042	 082
024	 042	 084
024	 042	 086
024	 042	 088
024	 042	 090
024	 042	 192
024	 042	 194
024	 042	 200
024	 042	 207
024	 042	 209
024	 042	 211
024	 042	 213
024	 042	 999
024	 044	 046
024	 044	 048
024	 044	 050
024	 044	 054
024	 044	 056
024	 044	 058
024	 044	 060
024	 044	 062
024	 044	 064
024	 044	 066
024	 044	 068
024	 044	 070
024	 044	 072
024	 044	 074
024	 044	 080
024	 044	 082
024	 044	 084
024	 044	 086
024	 044	 088
024	 044	 090
024	 044	 192
024	 044	 194
024	 044	 195
024	 044	 197
024	 044	 200
024	 044	 207
024	 044	 209
024	 044	 211
024	 044	 213
024	 044	 999
024	 046	 048
024	 046	 050
024	 046	 052
024	 046	 054
024	 046	 056
024	 046	 195
024	 046	 197
024	 046	 199
024	 046	 200
024	 046	 207
024	 048	 070
024	 048	 072
024	 048	 074
024	 048	 076
024	 048	 078
024	 048	 080
024	 048	 082
024	 048	 084
024	 048	 086
024	 048	 088
024	 050	 080
024	 050	 082
024	 050	 084
024	 050	 086
024	 050	 088
024	 050	 090
024	 050	 192
024	 050	 194
024	 050	 195
024	 050	 197
024	 052	 195
024	 052	 197
024	 052	 199
024	 052	 200
024	 052	 207
024	 052	 209
024	 052	 211
024	 052	 213
024	 054	 062
024	 054	 064
024	 054	 066
024	 054	 068
024	 054	 070
024	 054	 072
024	 054	 074
024	 054	 076
024	 056	 086
024	 056	 088
024	 056	 090
024	 056	 192
024	 056	 211
024	 056	 213
024	 056	 999
024	 058	 060
024	 058	 062
024	 058	 074
024	 058	 076
024	 058	 078
024	 058	 080
024	 058	 082
024	 058	 084
024	 058	 086
024	 058	 090
024	 058	 192
024	 058	 194
024	 058	 195
024	 058	 197
024	 058	 199
024	 058	 200
024	 058	 207
024	 058	 209
024	 058	 211
024	 058	 213
024	 060	 070
024	 060	 072
024	 060	 074
024	 060	 076
024	 060	 078
024	 060	 080
024	 060	 082
024	 062	 080
024	 062	 192
024	 062	 194
024	 062	 195
024	 062	 197
024	 062	 199
024	 062	 200
024	 062	 207
024	 064	 070
024	 064	 072
024	 064	 074
024	 064	 076
024	 064	 078
024	 064	 080
024	 066	 070
024	 066	 072
024	 066	 074
024	 066	 076
024	 066	 078
024	 066	 080
024	 066	 082
024	 068	 197
024	 068	 199
024	 068	 200
024	 068	 207
024	 068	 209
024	 068	 211
024	 068	 213
024	 070	 195
024	 070	 197
024	 070	 199
024	 070	 200
024	 070	 207
024	 070	 209
024	 070	 211
024	 070	 213
024	 070	 999
024	 072	 074
024	 072	 076
024	 072	 195
024	 072	 197
024	 072	 199
024	 072	 999
024	 074	 076
024	 074	 078
024	 074	 080
024	 074	 082
024	 074	 084
024	 074	 086
024	 074	 192
024	 074	 194
024	 074	 195
024	 074	 197
024	 074	 199
024	 074	 200
024	 074	 207
024	 074	 209
024	 074	 211
024	 074	 213
024	 076	 199
024	 076	 200
024	 076	 207
024	 076	 209
024	 076	 211
024	 076	 213
024	 076	 999
024	 078	 080
024	 078	 082
024	 078	 084
024	 078	 086
024	 078	 088
024	 078	 090
024	 078	 192
024	 078	 194
024	 078	 195
024	 078	 197
024	 078	 199
024	 078	 200
024	 078	 207
024	 078	 209
024	 078	 211
024	 078	 213
024	 078	 999
024	 080	 192
024	 080	 194
024	 080	 195
024	 080	 197
024	 080	 199
024	 080	 200
024	 080	 207
024	 082	 192
024	 082	 194
024	 082	 195
024	 082	 197
024	 086	 197
024	 086	 199
024	 086	 200
024	 086	 207
024	 086	 209
024	 086	 211
024	 086	 213
024	 086	 999
024	 088	 090
024	 088	 192
024	 194	 207
024	 194	 999
024	 195	 197
024	 195	 199
024	 195	 200
024	 195	 207
024	 195	 209
024	 195	 211
024	 195	 213
024	 195	 999
026	 028	 032
026	 028	 034
026	 028	 036
026	 028	 038
026	 028	 040
026	 028	 042
026	 028	 044
026	 028	 086
026	 028	 088
026	 028	 090
026	 028	 192
026	 030	 082
026	 032	 056
026	 032	 058
026	 032	 060
026	 032	 062
026	 032	 064
026	 032	 066
026	 032	 068
026	 032	 070
026	 032	 072
026	 032	 074
026	 034	 058
026	 034	 060
026	 034	 062
026	 034	 064
026	 034	 066
026	 034	 068
026	 036	 064
026	 038	 068
026	 038	 070
026	 038	 072
026	 038	 074
026	 038	 076
026	 038	 078
026	 038	 080
026	 038	 082
026	 038	 084
026	 038	 086
026	 038	 211
026	 038	 213
026	 042	 084
026	 042	 086
026	 042	 088
026	 046	 058
026	 046	 060
026	 046	 062
026	 046	 064
026	 046	 066
026	 046	 068
026	 046	 070
026	 046	 072
026	 046	 074
026	 046	 200
026	 046	 207
026	 046	 209
026	 046	 211
026	 046	 213
026	 046	 999
026	 048	 050
026	 048	 052
026	 048	 054
026	 048	 056
026	 048	 058
026	 048	 066
026	 048	 068
026	 048	 070
026	 048	 072
026	 048	 074
026	 048	 076
026	 048	 078
026	 048	 080
026	 048	 082
026	 048	 088
026	 048	 090
026	 048	 192
026	 048	 194
026	 048	 195
026	 048	 197
026	 048	 199
026	 048	 200
026	 048	 207
026	 048	 209
026	 050	 199
026	 050	 200
026	 050	 207
026	 050	 209
026	 050	 211
026	 050	 213
026	 050	 999
026	 052	 054
026	 052	 056
026	 052	 082
026	 052	 084
026	 052	 086
026	 052	 088
026	 052	 090
026	 052	 192
026	 052	 194
026	 052	 195
026	 052	 197
026	 052	 199
026	 052	 200
026	 052	 207
026	 052	 999
026	 054	 056
026	 054	 058
026	 054	 060
026	 054	 062
026	 054	 064
026	 054	 066
026	 054	 068
026	 054	 070
026	 056	 086
026	 058	 074
026	 058	 076
026	 058	 078
026	 058	 080
026	 060	 078
026	 060	 080
026	 060	 082
026	 060	 084
026	 060	 086
026	 060	 088
026	 060	 090
026	 060	 192
026	 060	 194
026	 060	 195
026	 060	 197
026	 060	 199
026	 062	 086
026	 062	 088
026	 062	 090
026	 062	 192
026	 062	 194
026	 062	 195
026	 062	 197
026	 064	 066
026	 064	 068
026	 064	 070
026	 064	 072
026	 064	 074
026	 064	 195
026	 064	 197
026	 066	 192
026	 066	 194
026	 066	 195
026	 066	 197
026	 066	 199
026	 068	 090
026	 068	 192
026	 068	 194
026	 068	 195
026	 068	 197
026	 068	 199
026	 068	 200
026	 068	 207
026	 068	 209
026	 068	 211
026	 068	 213
026	 068	 999
026	 070	 072
026	 070	 074
026	 070	 076
026	 070	 078
026	 070	 080
026	 070	 082
026	 070	 084
026	 070	 086
026	 072	 090
026	 072	 192
026	 072	 194
026	 072	 209
026	 072	 211
026	 072	 213
026	 072	 999
026	 074	 076
026	 074	 078
026	 074	 080
026	 074	 200
026	 074	 207
026	 076	 199
026	 076	 200
026	 076	 207
026	 076	 209
026	 076	 211
026	 076	 213
026	 076	 999
026	 078	 080
026	 078	 082
026	 080	 199
026	 080	 200
026	 080	 207
026	 080	 209
026	 080	 211
026	 080	 213
026	 080	 999
026	 082	 084
026	 082	 086
026	 082	 088
026	 082	 090
026	 082	 192
026	 082	 211
026	 082	 213
026	 082	 999
026	 084	 086
026	 084	 088
026	 086	 194
026	 086	 195
026	 086	 197
026	 086	 199
026	 086	 200
026	 086	 207
026	 086	 209
026	 086	 211
026	 086	 213
026	 192	 197
026	 192	 199
026	 192	 200
026	 192	 207
026	 192	 209
026	 192	 211
026	 192	 213
026	 192	 999
026	 194	 195
026	 194	 197
026	 195	 213
026	 195	 999
026	 197	 199
026	 197	 200
026	 197	 207
026	 197	 209
026	 197	 211
026	 197	 213
026	 197	 999
026	 199	 200
026	 199	 207
028	 030	 074
028	 030	 076
028	 030	 078
028	 030	 080
028	 030	 082
028	 030	 084
028	 030	 086
028	 030	 088
028	 030	 197
028	 030	 199
028	 030	 200
028	 030	 207
028	 030	 209
028	 030	 211
028	 030	 213
028	 030	 999
028	 032	 050
028	 032	 052
028	 032	 054
028	 032	 056
028	 032	 192
028	 032	 194
028	 032	 195
028	 032	 197
028	 032	 199
028	 032	 200
028	 032	 207
028	 032	 209
028	 032	 211
028	 032	 213
028	 032	 999
028	 034	 036
028	 034	 038
028	 034	 040
028	 034	 042
028	 034	 044
028	 034	 046
028	 034	 048
028	 034	 050
028	 034	 197
028	 036	 209
028	 036	 211
028	 036	 213
028	 036	 999
028	 038	 040
028	 038	 042
028	 038	 044
028	 038	 052
028	 038	 054
028	 038	 056
028	 038	 058
028	 038	 060
028	 038	 062
028	 038	 064
028	 038	 066
028	 038	 068
028	 038	 192
028	 038	 209
028	 038	 211
028	 038	 213
028	 038	 999
028	 040	 042
028	 040	 044
028	 040	 050
028	 040	 052
028	 040	 054
028	 040	 056
028	 040	 058
028	 040	 060
028	 040	 062
028	 040	 064
028	 040	 066
028	 040	 068
028	 040	 082
028	 040	 084
028	 040	 086
028	 040	 088
028	 040	 090
028	 040	 192
028	 042	 050
028	 042	 052
028	 042	 054
028	 042	 056
028	 042	 058
028	 042	 060
028	 042	 062
028	 042	 064
028	 042	 066
028	 042	 068
028	 042	 070
028	 042	 074
028	 042	 076
028	 042	 078
028	 042	 080
028	 042	 082
028	 042	 084
028	 042	 086
028	 042	 088
028	 042	 090
028	 042	 192
028	 042	 194
028	 044	 050
028	 044	 062
028	 044	 064
028	 044	 066
028	 044	 068
028	 044	 070
028	 044	 072
028	 044	 074
028	 044	 076
028	 044	 078
028	 044	 080
028	 044	 082
028	 044	 084
028	 044	 086
028	 044	 088
028	 044	 090
028	 044	 192
028	 044	 194
028	 044	 195
028	 044	 197
028	 046	 076
028	 046	 078
028	 046	 080
028	 050	 058
028	 050	 060
028	 050	 062
028	 050	 064
028	 050	 066
028	 050	 068
028	 050	 070
028	 050	 072
028	 050	 074
028	 050	 211
028	 050	 213
028	 050	 999
028	 052	 054
028	 052	 056
028	 052	 058
028	 052	 060
028	 052	 062
028	 052	 074
028	 052	 076
028	 052	 078
028	 052	 080
028	 052	 082
028	 052	 084
028	 052	 086
028	 054	 080
028	 054	 082
028	 054	 084
028	 054	 086
028	 054	 088
028	 054	 090
028	 054	 192
028	 054	 194
028	 054	 195
028	 054	 197
028	 054	 199
028	 054	 209
028	 054	 211
028	 054	 213
028	 054	 999
028	 056	 058
028	 056	 060
028	 056	 062
028	 056	 064
028	 056	 066
028	 056	 068
028	 056	 076
028	 056	 078
028	 056	 080
028	 056	 082
028	 056	 084
028	 056	 086
028	 056	 088
028	 056	 090
028	 056	 192
028	 058	 082
028	 058	 084
028	 058	 086
028	 058	 192
028	 058	 194
028	 058	 195
028	 058	 197
028	 058	 199
028	 058	 200
028	 058	 207
028	 058	 209
028	 058	 211
028	 058	 213
028	 060	 066
028	 060	 068
028	 060	 070
028	 060	 072
028	 060	 074
028	 060	 076
028	 060	 078
028	 060	 080
028	 060	 082
028	 060	 084
028	 060	 086
028	 060	 088
028	 060	 090
028	 060	 192
028	 060	 194
028	 060	 195
028	 060	 197
028	 060	 199
028	 060	 200
028	 060	 207
028	 060	 209
028	 062	 068
028	 062	 070
028	 062	 072
028	 062	 074
028	 062	 076
028	 062	 078
028	 062	 080
028	 062	 197
028	 062	 199
028	 062	 200
028	 062	 207
028	 062	 999
028	 064	 066
028	 064	 068
028	 064	 070
028	 064	 072
028	 064	 074
028	 064	 076
028	 064	 078
028	 064	 080
028	 064	 207
028	 068	 211
028	 068	 213
028	 072	 086
028	 072	 088
028	 072	 090
028	 072	 192
028	 072	 194
028	 072	 195
028	 072	 197
028	 072	 199
028	 076	 082
028	 076	 084
028	 076	 086
028	 076	 088
028	 076	 090
028	 076	 192
028	 076	 194
028	 076	 195
028	 076	 197
028	 078	 197
028	 078	 199
028	 078	 200
028	 078	 207
028	 078	 209
028	 078	 211
028	 078	 213
028	 078	 999
028	 080	 090
028	 080	 192
028	 080	 194
028	 080	 195
028	 080	 197
028	 080	 199
028	 080	 200
028	 080	 207
028	 082	 084
028	 082	 086
028	 082	 088
028	 082	 090
028	 082	 192
028	 082	 194
028	 082	 195
028	 082	 197
028	 084	 213
028	 084	 999
028	 086	 088
028	 086	 090
028	 086	 192
028	 086	 197
028	 086	 199
028	 086	 200
028	 086	 207
028	 086	 209
028	 086	 211
028	 086	 213
028	 086	 999
028	 088	 090
028	 088	 192
028	 088	 194
028	 088	 195
028	 088	 197
028	 088	 199
028	 088	 200
028	 088	 207
028	 088	 209
028	 088	 211
028	 088	 213
028	 088	 999
028	 090	 192
028	 090	 194
028	 090	 211
028	 090	 213
028	 090	 999
028	 192	 194
028	 192	 195
028	 192	 197
028	 192	 199
028	 192	 200
028	 192	 207
028	 192	 209
028	 192	 211
028	 192	 213
028	 192	 999
028	 194	 195
028	 194	 197
028	 194	 199
028	 194	 200
028	 194	 207
028	 195	 211
028	 195	 213
028	 195	 999
028	 200	 207
028	 200	 209
028	 200	 211
028	 200	 213
028	 200	 999
028	 207	 209
028	 207	 211
028	 207	 213
028	 207	 999
028	 209	 211
028	 209	 213
030	 032	 064
030	 032	 066
030	 032	 068
030	 032	 070
030	 032	 072
030	 034	 070
030	 034	 072
030	 034	 074
030	 034	 076
030	 034	 078
030	 034	 080
030	 034	 082
030	 034	 084
030	 034	 086
030	 034	 088
030	 034	 090
030	 034	 194
030	 034	 195
030	 034	 197
030	 034	 199
030	 034	 200
030	 034	 207
030	 034	 209
030	 034	 211
030	 034	 213
030	 034	 999
030	 036	 038
030	 036	 084
030	 036	 086
030	 036	 192
030	 036	 194
030	 036	 195
030	 036	 197
030	 036	 199
030	 036	 200
030	 036	 207
030	 036	 209
030	 036	 211
030	 036	 213
030	 040	 046
030	 040	 048
030	 040	 050
030	 040	 052
030	 040	 054
030	 040	 056
030	 040	 058
030	 040	 060
030	 040	 084
030	 042	 060
030	 042	 062
030	 042	 192
030	 042	 194
030	 042	 195
030	 042	 197
030	 042	 199
030	 042	 200
030	 042	 207
030	 042	 209
030	 042	 211
030	 042	 213
030	 044	 058
030	 044	 060
030	 044	 062
030	 044	 064
030	 044	 066
030	 044	 080
030	 044	 082
030	 044	 084
030	 044	 086
030	 044	 088
030	 044	 090
030	 046	 080
030	 046	 082
030	 046	 084
030	 046	 086
030	 046	 088
030	 046	 090
030	 046	 192
030	 046	 194
030	 046	 195
030	 050	 999
030	 052	 054
030	 052	 062
030	 052	 064
030	 052	 066
030	 052	 068
030	 052	 070
030	 052	 072
030	 052	 074
030	 052	 076
030	 052	 078
030	 052	 200
030	 054	 058
030	 054	 060
030	 054	 062
030	 054	 064
030	 054	 066
030	 054	 068
030	 054	 084
030	 054	 086
030	 054	 088
030	 054	 090
030	 054	 192
030	 056	 066
030	 056	 068
030	 056	 070
030	 056	 072
030	 056	 074
030	 056	 076
030	 056	 078
030	 056	 080
030	 056	 082
030	 056	 084
030	 056	 194
030	 056	 195
030	 056	 197
030	 056	 199
030	 056	 200
030	 056	 207
030	 056	 209
030	 056	 211
030	 058	 068
030	 058	 070
030	 058	 072
030	 058	 074
030	 058	 076
030	 058	 078
030	 058	 088
030	 058	 090
030	 058	 192
030	 058	 194
030	 058	 195
030	 058	 197
030	 058	 199
030	 058	 200
030	 060	 068
030	 060	 070
030	 060	 072
030	 060	 074
030	 060	 082
030	 060	 084
030	 060	 086
030	 060	 088
030	 060	 090
030	 060	 192
030	 060	 194
030	 060	 195
030	 060	 197
030	 062	 074
030	 062	 076
030	 062	 078
030	 062	 080
030	 062	 082
030	 062	 084
030	 062	 086
030	 062	 088
030	 062	 090
030	 062	 192
030	 062	 194
030	 062	 195
030	 064	 072
030	 068	 194
030	 068	 195
030	 068	 197
030	 068	 199
030	 068	 200
030	 070	 192
030	 070	 194
030	 070	 195
030	 070	 197
030	 070	 199
030	 070	 200
030	 070	 207
030	 070	 209
030	 070	 211
030	 072	 090
030	 072	 192
030	 072	 211
030	 072	 213
030	 072	 999
030	 074	 076
030	 074	 078
030	 076	 194
030	 076	 195
030	 076	 197
030	 076	 199
030	 076	 200
030	 076	 207
030	 076	 209
030	 076	 211
030	 076	 213
030	 076	 999
030	 078	 080
030	 078	 090
030	 078	 192
030	 078	 194
030	 078	 195
030	 078	 197
030	 078	 199
030	 078	 200
030	 078	 207
030	 084	 209
030	 084	 211
030	 084	 213
030	 086	 195
030	 086	 197
030	 086	 199
030	 086	 200
030	 086	 207
030	 086	 209
030	 086	 211
030	 088	 194
030	 088	 195
030	 088	 197
030	 088	 199
030	 088	 200
030	 088	 207
030	 088	 209
030	 088	 211
030	 090	 199
030	 090	 200
030	 090	 207
030	 090	 209
030	 090	 211
030	 090	 213
030	 195	 207
032	 034	 040
032	 034	 042
032	 036	 044
032	 036	 046
032	 036	 048
032	 036	 050
032	 036	 052
032	 036	 054
032	 036	 056
032	 036	 058
032	 036	 060
032	 036	 062
032	 036	 074
032	 036	 076
032	 036	 078
032	 036	 080
032	 036	 082
032	 036	 084
032	 036	 086
032	 038	 211
032	 040	 046
032	 040	 048
032	 040	 050
032	 040	 052
032	 040	 054
032	 040	 056
032	 040	 058
032	 040	 060
032	 040	 076
032	 040	 078
032	 040	 080
032	 040	 082
032	 040	 084
032	 042	 044
032	 042	 046
032	 042	 048
032	 042	 050
032	 042	 052
032	 042	 054
032	 042	 056
032	 042	 058
032	 042	 060
032	 042	 062
032	 042	 192
032	 042	 194
032	 042	 195
032	 042	 197
032	 042	 199
032	 042	 200
032	 042	 207
032	 042	 209
032	 042	 211
032	 042	 213
032	 044	 050
032	 044	 052
032	 044	 054
032	 044	 056
032	 044	 058
032	 044	 060
032	 044	 062
032	 044	 064
032	 044	 066
032	 044	 200
032	 044	 207
032	 044	 209
032	 044	 211
032	 044	 213
032	 044	 999
032	 046	 048
032	 046	 064
032	 046	 066
032	 046	 068
032	 046	 070
032	 046	 072
032	 046	 078
032	 046	 080
032	 046	 082
032	 046	 084
032	 046	 086
032	 046	 088
032	 046	 090
032	 046	 192
032	 046	 194
032	 046	 195
032	 048	 078
032	 048	 080
032	 048	 200
032	 048	 207
032	 050	 054
032	 050	 056
032	 050	 058
032	 050	 060
032	 050	 062
032	 050	 064
032	 050	 066
032	 050	 194
032	 050	 195
032	 050	 197
032	 050	 199
032	 050	 200
032	 050	 207
032	 050	 209
032	 050	 211
032	 050	 213
032	 050	 999
032	 052	 054
032	 054	 074
032	 054	 076
032	 054	 078
032	 054	 080
032	 054	 082
032	 054	 084
032	 054	 086
032	 054	 088
032	 054	 090
032	 054	 192
032	 058	 066
032	 058	 068
032	 058	 070
032	 058	 072
032	 058	 074
032	 058	 076
032	 058	 078
032	 058	 086
032	 058	 088
032	 058	 090
032	 058	 192
032	 058	 194
032	 058	 195
032	 058	 197
032	 058	 199
032	 058	 200
032	 058	 999
032	 060	 062
032	 060	 064
032	 060	 066
032	 060	 068
032	 060	 070
032	 060	 072
032	 060	 074
032	 060	 207
032	 060	 209
032	 060	 211
032	 060	 213
032	 060	 999
032	 062	 064
032	 062	 066
032	 062	 068
032	 062	 070
032	 062	 072
032	 064	 076
032	 064	 078
032	 064	 080
032	 064	 082
032	 064	 084
032	 064	 086
032	 064	 088
032	 064	 090
032	 064	 192
032	 064	 194
032	 064	 195
032	 066	 074
032	 066	 080
032	 066	 082
032	 066	 084
032	 066	 086
032	 066	 088
032	 066	 090
032	 066	 192
032	 066	 194
032	 066	 195
032	 066	 197
032	 066	 211
032	 066	 213
032	 066	 999
032	 068	 070
032	 068	 072
032	 068	 074
032	 068	 076
032	 068	 078
032	 068	 080
032	 068	 082
032	 068	 084
032	 068	 086
032	 068	 088
032	 068	 090
032	 068	 192
032	 068	 194
032	 068	 195
032	 068	 197
032	 068	 199
032	 068	 200
032	 072	 192
032	 076	 195
032	 076	 197
032	 076	 199
032	 076	 200
032	 076	 207
032	 076	 209
032	 076	 211
032	 076	 213
032	 076	 999
032	 078	 080
032	 080	 199
032	 080	 200
032	 080	 207
032	 080	 209
032	 080	 211
032	 080	 213
032	 080	 999
032	 082	 084
032	 082	 086
032	 082	 088
032	 082	 090
032	 084	 200
032	 084	 207
032	 084	 209
032	 084	 211
032	 084	 213
032	 088	 197
032	 088	 199
032	 088	 200
032	 088	 207
032	 088	 209
032	 088	 211
032	 090	 213
032	 192	 209
032	 192	 211
032	 192	 213
032	 192	 999
032	 194	 195
032	 195	 213
032	 195	 999
032	 197	 199
032	 197	 200
032	 197	 207
032	 197	 209
032	 197	 211
032	 197	 213
032	 197	 999
032	 199	 200
034	 036	 040
034	 036	 042
034	 036	 044
034	 036	 048
034	 036	 050
034	 036	 052
034	 036	 054
034	 036	 056
034	 036	 058
034	 036	 060
034	 036	 062
034	 036	 064
034	 036	 066
034	 036	 068
034	 036	 090
034	 036	 192
034	 036	 197
034	 036	 199
034	 036	 200
034	 036	 207
034	 036	 209
034	 036	 211
034	 036	 213
034	 036	 999
034	 038	 040
034	 038	 042
034	 038	 084
034	 038	 086
034	 038	 088
034	 038	 090
034	 038	 194
034	 038	 195
034	 038	 197
034	 038	 199
034	 038	 200
034	 038	 207
034	 038	 209
034	 038	 211
034	 038	 213
034	 038	 999
034	 040	 042
034	 040	 074
034	 040	 076
034	 040	 078
034	 040	 080
034	 040	 082
034	 040	 084
034	 040	 086
034	 040	 088
034	 040	 090
034	 040	 200
034	 040	 207
034	 040	 209
034	 040	 211
034	 040	 213
034	 040	 999
034	 042	 044
034	 042	 048
034	 042	 050
034	 042	 052
034	 042	 054
034	 042	 056
034	 042	 058
034	 042	 060
034	 042	 062
034	 042	 064
034	 042	 066
034	 042	 068
034	 042	 074
034	 042	 076
034	 042	 078
034	 042	 080
034	 042	 082
034	 042	 084
034	 042	 086
034	 042	 088
034	 042	 090
034	 042	 192
034	 042	 200
034	 042	 207
034	 042	 209
034	 042	 211
034	 042	 213
034	 042	 999
034	 044	 046
034	 044	 048
034	 044	 194
034	 044	 195
034	 044	 999
034	 046	 048
034	 046	 050
034	 046	 052
034	 046	 054
034	 048	 058
034	 048	 060
034	 048	 062
034	 048	 086
034	 048	 192
034	 048	 194
034	 048	 195
034	 048	 197
034	 048	 199
034	 048	 200
034	 048	 207
034	 048	 209
034	 048	 211
034	 048	 213
034	 050	 058
034	 050	 060
034	 050	 062
034	 050	 064
034	 050	 066
034	 050	 068
034	 050	 070
034	 050	 072
034	 050	 082
034	 050	 084
034	 050	 086
034	 050	 088
034	 050	 090
034	 050	 192
034	 050	 194
034	 050	 195
034	 052	 078
034	 052	 080
034	 052	 082
034	 052	 084
034	 052	 090
034	 052	 192
034	 052	 194
034	 052	 195
034	 052	 197
034	 052	 199
034	 052	 200
034	 052	 207
034	 052	 209
034	 052	 211
034	 054	 086
034	 054	 088
034	 054	 090
034	 054	 192
034	 054	 194
034	 054	 195
034	 054	 197
034	 056	 066
034	 056	 072
034	 056	 074
034	 056	 076
034	 056	 078
034	 056	 080
034	 056	 082
034	 056	 084
034	 056	 086
034	 056	 088
034	 056	 090
034	 056	 213
034	 056	 999
034	 058	 060
034	 058	 068
034	 058	 070
034	 058	 072
034	 058	 074
034	 058	 076
034	 058	 078
034	 058	 080
034	 058	 082
034	 058	 084
034	 058	 195
034	 058	 197
034	 058	 199
034	 058	 200
034	 058	 207
034	 058	 209
034	 058	 211
034	 060	 195
034	 060	 197
034	 060	 199
034	 060	 200
034	 060	 207
034	 064	 200
034	 066	 195
034	 066	 197
034	 066	 199
034	 066	 200
034	 066	 207
034	 068	 076
034	 068	 078
034	 068	 080
034	 068	 082
034	 068	 084
034	 070	 084
034	 070	 086
034	 070	 088
034	 070	 090
034	 070	 209
034	 070	 211
034	 070	 213
034	 070	 999
034	 072	 074
034	 076	 090
034	 076	 192
034	 076	 194
034	 076	 195
034	 076	 209
034	 076	 211
034	 076	 213
034	 076	 999
034	 078	 080
034	 078	 082
034	 078	 084
034	 078	 086
034	 078	 192
034	 078	 194
034	 078	 195
034	 078	 197
034	 078	 199
034	 078	 200
034	 078	 207
034	 078	 209
034	 078	 211
034	 078	 213
034	 080	 999
034	 082	 084
034	 082	 086
034	 082	 088
034	 082	 090
034	 082	 192
034	 082	 194
034	 082	 195
034	 084	 197
034	 084	 199
034	 084	 200
034	 084	 207
034	 084	 209
034	 084	 211
034	 084	 213
034	 084	 999
034	 086	 088
034	 086	 090
034	 088	 199
034	 088	 200
034	 088	 207
034	 088	 209
034	 088	 211
034	 088	 213
034	 088	 999
034	 090	 192
034	 192	 999
034	 194	 195
034	 194	 197
034	 194	 199
034	 194	 200
034	 195	 200
034	 195	 207
034	 195	 209
034	 195	 211
034	 195	 213
034	 199	 200
034	 199	 207
034	 199	 209
034	 199	 211
034	 200	 999
034	 207	 209
034	 207	 211
034	 207	 213
034	 207	 999
034	 209	 211
036	 038	 052
036	 038	 088
036	 038	 090
036	 038	 192
036	 038	 194
036	 038	 195
036	 038	 197
036	 038	 199
036	 038	 213
036	 038	 999
036	 040	 042
036	 040	 044
036	 040	 046
036	 040	 048
036	 040	 050
036	 040	 052
036	 040	 076
036	 040	 082
036	 040	 084
036	 040	 086
036	 040	 088
036	 040	 090
036	 040	 192
036	 040	 194
036	 040	 195
036	 040	 197
036	 040	 199
036	 042	 074
036	 042	 076
036	 042	 078
036	 042	 192
036	 042	 194
036	 042	 195
036	 042	 197
036	 042	 199
036	 042	 200
036	 044	 046
036	 044	 048
036	 044	 050
036	 044	 052
036	 044	 054
036	 044	 056
036	 044	 058
036	 044	 195
036	 044	 197
036	 044	 199
036	 044	 200
036	 044	 207
036	 044	 209
036	 046	 199
036	 046	 200
036	 046	 207
036	 046	 209
036	 046	 211
036	 046	 213
036	 046	 999
036	 048	 054
036	 048	 056
036	 048	 058
036	 048	 060
036	 048	 062
036	 048	 064
036	 048	 066
036	 048	 068
036	 048	 070
036	 048	 072
036	 050	 052
036	 050	 054
036	 050	 056
036	 050	 058
036	 050	 078
036	 050	 080
036	 050	 082
036	 052	 088
036	 052	 090
036	 052	 192
036	 052	 194
036	 052	 211
036	 052	 213
036	 052	 999
036	 054	 056
036	 054	 058
036	 054	 060
036	 054	 192
036	 054	 194
036	 054	 195
036	 054	 197
036	 054	 199
036	 054	 200
036	 054	 207
036	 054	 209
036	 054	 211
036	 056	 090
036	 056	 192
036	 056	 194
036	 056	 195
036	 056	 197
036	 056	 199
036	 058	 062
036	 058	 064
036	 058	 066
036	 058	 068
036	 058	 070
036	 058	 211
036	 058	 213
036	 058	 999
036	 060	 062
036	 060	 064
036	 060	 066
036	 062	 070
036	 062	 072
036	 062	 074
036	 062	 076
036	 062	 078
036	 062	 080
036	 062	 082
036	 062	 084
036	 062	 086
036	 062	 088
036	 062	 211
036	 062	 213
036	 062	 999
036	 064	 072
036	 064	 074
036	 064	 076
036	 064	 078
036	 064	 080
036	 064	 082
036	 064	 084
036	 064	 086
036	 064	 088
036	 066	 084
036	 066	 086
036	 066	 088
036	 066	 090
036	 068	 088
036	 068	 090
036	 068	 192
036	 068	 194
036	 068	 209
036	 068	 211
036	 068	 213
036	 068	 999
036	 070	 072
036	 070	 074
036	 070	 076
036	 070	 195
036	 070	 197
036	 070	 199
036	 084	 200
036	 086	 199
036	 086	 200
036	 086	 207
036	 086	 209
036	 086	 211
036	 086	 213
036	 086	 999
036	 088	 090
036	 088	 192
036	 088	 194
036	 088	 195
036	 088	 197
036	 088	 199
036	 194	 207
036	 194	 209
036	 194	 211
036	 194	 213
036	 194	 999
036	 199	 999
036	 200	 207
036	 200	 209
036	 200	 211
038	 040	 197
038	 040	 199
038	 040	 200
038	 040	 207
038	 040	 209
038	 040	 211
038	 040	 213
038	 040	 999
038	 042	 050
038	 042	 052
038	 042	 054
038	 042	 056
038	 042	 058
038	 042	 060
038	 042	 062
038	 042	 064
038	 042	 066
038	 042	 088
038	 042	 090
038	 044	 052
038	 044	 054
038	 044	 056
038	 044	 058
038	 044	 060
038	 044	 062
038	 044	 064
038	 044	 066
038	 044	 068
038	 044	 070
038	 046	 058
038	 046	 060
038	 046	 062
038	 046	 064
038	 046	 066
038	 046	 068
038	 046	 070
038	 046	 072
038	 046	 074
038	 046	 076
038	 046	 086
038	 046	 088
038	 046	 090
038	 046	 192
038	 046	 194
038	 046	 195
038	 046	 197
038	 046	 199
038	 052	 062
038	 052	 064
038	 052	 066
038	 052	 068
038	 052	 070
038	 052	 072
038	 052	 074
038	 052	 076
038	 052	 078
038	 052	 080
038	 052	 082
038	 052	 192
038	 052	 194
038	 052	 195
038	 052	 197
038	 052	 199
038	 052	 200
038	 052	 207
038	 052	 209
038	 054	 056
038	 054	 058
038	 054	 060
038	 054	 062
038	 054	 064
038	 054	 066
038	 054	 068
038	 054	 070
038	 054	 072
038	 056	 194
038	 056	 195
038	 056	 197
038	 056	 199
038	 056	 200
038	 056	 207
038	 056	 209
038	 056	 211
038	 056	 213
038	 056	 999
038	 058	 062
038	 058	 064
038	 058	 066
038	 058	 068
038	 058	 070
038	 058	 072
038	 058	 074
038	 058	 076
038	 058	 078
038	 058	 080
038	 058	 082
038	 058	 086
038	 058	 088
038	 058	 090
038	 058	 192
038	 058	 194
038	 058	 195
038	 058	 197
038	 058	 199
038	 058	 200
038	 058	 207
038	 058	 209
038	 058	 999
038	 060	 062
038	 060	 064
038	 060	 066
038	 060	 068
038	 060	 070
038	 060	 072
038	 060	 074
038	 060	 076
038	 060	 078
038	 060	 082
038	 060	 084
038	 060	 086
038	 060	 088
038	 060	 090
038	 060	 192
038	 060	 194
038	 060	 195
038	 060	 197
038	 060	 199
038	 060	 200
038	 064	 207
038	 064	 209
038	 064	 211
038	 064	 213
038	 064	 999
038	 066	 068
038	 066	 070
038	 066	 072
038	 066	 074
038	 066	 076
038	 066	 078
038	 066	 082
038	 066	 084
038	 066	 086
038	 066	 088
038	 066	 090
038	 066	 192
038	 066	 194
038	 066	 195
038	 066	 197
038	 066	 199
038	 066	 200
038	 066	 209
038	 066	 211
038	 066	 213
038	 066	 999
038	 068	 070
038	 068	 072
038	 068	 074
038	 068	 076
038	 068	 078
038	 068	 080
038	 068	 082
038	 070	 074
038	 070	 076
038	 070	 078
038	 070	 080
038	 070	 082
038	 070	 084
038	 070	 086
038	 070	 088
038	 072	 074
038	 072	 076
038	 072	 078
038	 072	 080
038	 072	 082
038	 072	 084
038	 072	 086
038	 072	 088
038	 072	 090
038	 072	 192
038	 072	 194
038	 072	 195
038	 074	 090
038	 074	 192
038	 074	 194
038	 074	 195
038	 074	 197
038	 074	 199
038	 074	 200
038	 074	 207
038	 074	 209
038	 076	 199
038	 076	 200
038	 076	 207
038	 076	 209
038	 076	 211
038	 076	 213
038	 076	 999
038	 078	 080
038	 078	 082
038	 078	 084
038	 078	 207
038	 078	 209
038	 078	 211
038	 080	 082
038	 080	 084
038	 080	 086
038	 080	 088
038	 080	 090
038	 080	 192
038	 080	 194
038	 080	 195
038	 080	 197
038	 080	 199
038	 086	 194
038	 086	 195
038	 086	 197
038	 086	 199
038	 086	 200
038	 086	 207
038	 086	 209
038	 086	 211
038	 086	 213
038	 086	 999
038	 088	 090
038	 088	 192
038	 088	 194
038	 088	 195
038	 088	 197
038	 088	 199
038	 088	 200
038	 088	 207
038	 088	 209
038	 088	 211
038	 088	 213
038	 088	 999
038	 090	 194
038	 090	 195
038	 090	 197
038	 090	 199
038	 090	 200
038	 090	 207
038	 090	 209
038	 090	 211
038	 090	 213
038	 090	 999
038	 192	 194
038	 197	 200
038	 197	 207
038	 197	 209
038	 197	 211
038	 197	 213
038	 197	 999
038	 199	 200
038	 199	 207
038	 199	 209
038	 199	 213
038	 199	 999
038	 200	 207
038	 200	 209
038	 200	 211
038	 200	 213
038	 200	 999
038	 207	 209
038	 207	 211
038	 207	 213
038	 207	 999
040	 042	 054
040	 042	 060
040	 042	 062
040	 042	 064
040	 042	 066
040	 042	 068
040	 042	 070
040	 042	 072
040	 042	 074
040	 042	 076
040	 042	 078
040	 042	 084
040	 042	 086
040	 042	 088
040	 042	 090
040	 042	 192
040	 042	 194
040	 042	 195
040	 042	 197
040	 042	 199
040	 042	 200
040	 042	 211
040	 042	 213
040	 042	 999
040	 044	 046
040	 044	 048
040	 044	 050
040	 044	 052
040	 044	 054
040	 044	 056
040	 044	 058
040	 044	 080
040	 044	 082
040	 044	 211
040	 044	 213
040	 044	 999
040	 046	 048
040	 046	 050
040	 046	 052
040	 046	 054
040	 046	 056
040	 046	 058
040	 046	 060
040	 046	 062
040	 046	 064
040	 046	 070
040	 046	 072
040	 046	 074
040	 046	 076
040	 046	 078
040	 046	 080
040	 046	 082
040	 046	 084
040	 046	 086
040	 046	 088
040	 046	 199
040	 046	 200
040	 046	 207
040	 046	 209
040	 046	 211
040	 046	 213
040	 046	 999
040	 048	 050
040	 048	 052
040	 048	 054
040	 048	 056
040	 048	 058
040	 048	 060
040	 048	 062
040	 048	 064
040	 048	 066
040	 048	 068
040	 048	 070
040	 048	 072
040	 048	 090
040	 048	 192
040	 048	 194
040	 048	 195
040	 048	 209
040	 048	 211
040	 048	 213
040	 048	 999
040	 050	 052
040	 050	 054
040	 050	 056
040	 050	 058
040	 050	 199
040	 050	 200
040	 050	 207
040	 050	 209
040	 054	 074
040	 054	 076
040	 054	 078
040	 054	 080
040	 054	 082
040	 054	 084
040	 054	 213
040	 054	 999
040	 056	 058
040	 056	 060
040	 056	 062
040	 056	 064
040	 056	 066
040	 056	 068
040	 056	 070
040	 056	 072
040	 056	 074
040	 056	 076
040	 058	 064
040	 058	 066
040	 058	 068
040	 058	 070
040	 058	 088
040	 058	 090
040	 058	 192
040	 058	 194
040	 058	 213
040	 058	 999
040	 060	 062
040	 060	 064
040	 060	 066
040	 060	 072
040	 060	 074
040	 060	 076
040	 060	 078
040	 060	 080
040	 060	 082
040	 060	 084
040	 060	 086
040	 060	 088
040	 060	 090
040	 060	 207
040	 060	 209
040	 060	 211
040	 060	 213
040	 060	 999
040	 062	 064
040	 062	 086
040	 062	 088
040	 064	 194
040	 064	 195
040	 064	 197
040	 064	 199
040	 064	 200
040	 064	 207
040	 064	 209
040	 064	 211
040	 064	 213
040	 064	 999
040	 066	 195
040	 066	 197
040	 066	 199
040	 066	 200
040	 066	 207
040	 066	 209
040	 066	 211
040	 066	 213
040	 066	 999
040	 068	 070
040	 068	 074
040	 068	 076
040	 068	 078
040	 068	 080
040	 068	 082
040	 068	 084
040	 068	 086
040	 068	 088
040	 068	 090
040	 068	 192
040	 068	 194
040	 072	 078
040	 072	 080
040	 072	 082
040	 072	 084
040	 072	 195
040	 072	 197
040	 072	 199
040	 072	 200
040	 072	 207
040	 072	 209
040	 072	 211
040	 078	 209
040	 078	 211
040	 078	 213
040	 078	 999
040	 080	 082
040	 080	 084
040	 080	 086
040	 080	 088
040	 080	 207
040	 080	 209
040	 080	 211
040	 080	 213
040	 080	 999
040	 084	 192
040	 084	 194
040	 084	 195
040	 084	 197
040	 084	 199
040	 084	 200
040	 084	 207
040	 084	 209
040	 084	 211
040	 084	 213
040	 084	 999
040	 086	 088
040	 086	 090
040	 086	 192
040	 086	 194
040	 086	 195
040	 086	 197
040	 086	 199
040	 088	 197
040	 088	 199
040	 088	 211
040	 088	 213
040	 088	 999
040	 090	 192
040	 090	 194
040	 090	 195
040	 090	 197
040	 090	 199
040	 090	 200
040	 194	 199
040	 194	 200
040	 194	 207
040	 194	 209
040	 194	 211
040	 194	 213
040	 194	 999
040	 197	 207
040	 197	 209
040	 197	 211
040	 197	 213
040	 197	 999
040	 199	 200
040	 199	 207
040	 199	 209
040	 199	 211
040	 199	 213
040	 199	 999
040	 200	 207
040	 200	 209
040	 200	 211
042	 044	 080
042	 044	 082
042	 044	 084
042	 044	 086
042	 044	 088
042	 044	 090
042	 044	 192
042	 044	 195
042	 044	 197
042	 044	 199
042	 044	 200
042	 044	 207
042	 044	 209
042	 044	 211
042	 044	 213
042	 044	 999
042	 046	 048
042	 046	 050
042	 046	 062
042	 046	 064
042	 046	 066
042	 046	 068
042	 046	 070
042	 046	 072
042	 046	 074
042	 046	 084
042	 046	 086
042	 046	 088
042	 046	 090
042	 046	 192
042	 046	 194
042	 046	 195
042	 046	 197
042	 050	 213
042	 050	 999
042	 052	 054
042	 052	 056
042	 052	 068
042	 052	 070
042	 052	 072
042	 052	 074
042	 052	 076
042	 052	 078
042	 052	 080
042	 052	 195
042	 052	 197
042	 052	 199
042	 052	 200
042	 052	 207
042	 054	 064
042	 054	 066
042	 054	 068
042	 054	 070
042	 054	 199
042	 054	 200
042	 054	 207
042	 054	 209
042	 054	 211
042	 054	 213
042	 054	 999
042	 056	 058
042	 056	 060
042	 056	 062
042	 056	 213
042	 058	 999
042	 060	 062
042	 060	 064
042	 060	 066
042	 060	 068
042	 060	 070
042	 060	 072
042	 060	 074
042	 060	 076
042	 060	 080
042	 060	 082
042	 060	 084
042	 060	 086
042	 060	 088
042	 060	 090
042	 060	 192
042	 060	 194
042	 060	 195
042	 060	 197
042	 060	 199
042	 060	 209
042	 060	 211
042	 060	 213
042	 060	 999
042	 062	 064
042	 062	 066
042	 062	 068
042	 062	 070
042	 062	 072
042	 062	 074
042	 062	 213
042	 062	 999
042	 064	 066
042	 064	 068
042	 064	 070
042	 064	 072
042	 064	 074
042	 064	 194
042	 064	 195
042	 064	 197
042	 070	 072
042	 070	 074
042	 070	 076
042	 070	 078
042	 070	 080
042	 070	 082
042	 070	 084
042	 070	 086
042	 070	 199
042	 070	 200
042	 070	 207
042	 070	 209
042	 070	 211
042	 070	 213
042	 072	 200
042	 072	 207
042	 072	 209
042	 072	 211
042	 072	 213
042	 072	 999
042	 074	 076
042	 074	 078
042	 074	 080
042	 078	 192
042	 078	 194
042	 078	 195
042	 078	 197
042	 078	 199
042	 078	 200
042	 078	 207
042	 078	 209
042	 080	 207
042	 080	 209
042	 080	 211
042	 080	 213
042	 080	 999
042	 082	 084
042	 082	 086
042	 082	 088
042	 082	 090
042	 082	 192
042	 082	 209
042	 082	 211
042	 082	 213
042	 082	 999
042	 084	 086
042	 084	 088
042	 084	 192
042	 084	 194
042	 084	 195
042	 084	 197
042	 084	 199
042	 084	 200
042	 084	 207
042	 084	 209
042	 084	 211
042	 084	 213
042	 084	 999
042	 086	 192
042	 086	 194
042	 086	 195
042	 086	 197
042	 086	 199
042	 086	 200
042	 086	 207
042	 086	 209
042	 086	 211
042	 086	 213
042	 090	 195
042	 090	 197
042	 090	 199
042	 090	 200
042	 090	 207
042	 090	 209
042	 090	 211
042	 090	 213
042	 090	 999
042	 192	 197
042	 192	 199
042	 192	 200
042	 192	 207
042	 192	 209
042	 192	 211
042	 192	 213
042	 192	 999
042	 194	 195
042	 194	 197
042	 195	 199
042	 195	 200
042	 195	 207
042	 195	 209
042	 199	 200
042	 199	 207
042	 200	 209
042	 200	 211
042	 200	 213
042	 200	 999
042	 207	 209
042	 207	 211
042	 207	 213
044	 046	 048
044	 046	 050
044	 046	 052
044	 046	 054
044	 046	 056
044	 046	 078
044	 046	 080
044	 046	 211
044	 046	 213
044	 046	 999
044	 048	 050
044	 048	 052
044	 048	 054
044	 048	 056
044	 048	 058
044	 048	 060
044	 048	 062
044	 048	 064
044	 048	 192
044	 048	 194
044	 048	 195
044	 048	 197
044	 048	 199
044	 048	 200
044	 048	 207
044	 048	 209
044	 048	 211
044	 048	 213
044	 048	 999
044	 050	 072
044	 050	 074
044	 050	 082
044	 050	 084
044	 050	 086
044	 050	 088
044	 050	 090
044	 050	 192
044	 050	 194
044	 050	 195
044	 050	 197
044	 052	 060
044	 052	 062
044	 052	 209
044	 052	 211
044	 052	 213
044	 054	 064
044	 054	 066
044	 054	 068
044	 054	 070
044	 054	 072
044	 054	 074
044	 054	 076
044	 054	 090
044	 054	 192
044	 054	 194
044	 054	 195
044	 054	 197
044	 054	 199
044	 056	 088
044	 056	 090
044	 056	 192
044	 058	 076
044	 058	 078
044	 058	 080
044	 058	 082
044	 058	 084
044	 058	 086
044	 058	 200
044	 058	 207
044	 058	 209
044	 058	 211
044	 058	 213
044	 062	 080
044	 062	 090
044	 062	 192
044	 062	 194
044	 062	 195
044	 062	 197
044	 062	 199
044	 062	 200
044	 062	 207
044	 064	 068
044	 064	 070
044	 064	 072
044	 064	 074
044	 064	 076
044	 064	 078
044	 064	 080
044	 064	 211
044	 064	 213
044	 064	 999
044	 066	 068
044	 066	 070
044	 066	 072
044	 066	 074
044	 066	 076
044	 066	 078
044	 066	 080
044	 066	 082
044	 066	 088
044	 066	 090
044	 066	 192
044	 066	 194
044	 066	 195
044	 066	 197
044	 066	 199
044	 066	 200
044	 066	 207
044	 066	 209
044	 068	 086
044	 068	 207
044	 068	 209
044	 068	 211
044	 068	 213
044	 070	 088
044	 070	 090
044	 070	 192
044	 072	 078
044	 072	 080
044	 072	 082
044	 072	 084
044	 072	 086
044	 072	 088
044	 072	 090
044	 072	 192
044	 072	 194
044	 072	 195
044	 072	 197
044	 072	 199
044	 072	 211
044	 072	 213
044	 072	 999
044	 074	 076
044	 074	 078
044	 074	 080
044	 074	 082
044	 074	 084
044	 074	 086
044	 074	 192
044	 074	 194
044	 074	 195
044	 074	 197
044	 074	 199
044	 074	 200
044	 074	 207
044	 074	 209
044	 074	 211
044	 074	 213
044	 076	 086
044	 076	 088
044	 076	 090
044	 076	 192
044	 076	 194
044	 076	 195
044	 076	 197
044	 076	 200
044	 076	 207
044	 076	 209
044	 076	 211
044	 076	 213
044	 076	 999
044	 078	 080
044	 078	 082
044	 078	 084
044	 078	 086
044	 078	 088
044	 080	 084
044	 080	 086
044	 080	 088
044	 080	 090
044	 080	 192
044	 080	 194
044	 080	 195
044	 080	 197
044	 080	 199
044	 080	 200
044	 080	 207
044	 082	 086
044	 082	 088
044	 082	 090
044	 082	 192
044	 082	 194
044	 082	 195
044	 082	 197
044	 084	 199
044	 084	 200
044	 084	 207
044	 084	 209
044	 084	 211
044	 084	 213
044	 084	 999
044	 086	 088
044	 086	 090
044	 086	 192
044	 086	 211
044	 086	 213
044	 086	 999
044	 088	 090
044	 088	 192
044	 088	 999
044	 090	 192
044	 090	 194
044	 090	 211
044	 090	 213
044	 090	 999
044	 192	 194
044	 192	 195
044	 192	 197
044	 194	 209
044	 194	 211
044	 194	 213
044	 194	 999
044	 195	 197
044	 195	 199
044	 195	 200
044	 195	 207
044	 195	 209
044	 195	 211
044	 195	 213
044	 195	 999
046	 048	 060
046	 048	 062
046	 048	 064
046	 048	 074
046	 048	 076
046	 048	 078
046	 048	 080
046	 048	 082
046	 048	 084
046	 048	 086
046	 048	 088
046	 048	 199
046	 048	 200
046	 048	 207
046	 048	 209
046	 048	 211
046	 048	 213
046	 048	 999
046	 050	 080
046	 050	 082
046	 050	 084
046	 050	 086
046	 050	 088
046	 050	 090
046	 050	 192
046	 050	 194
046	 050	 195
046	 050	 197
046	 050	 209
046	 050	 211
046	 050	 213
046	 050	 999
046	 052	 054
046	 052	 056
046	 052	 058
046	 052	 060
046	 052	 062
046	 052	 076
046	 052	 078
046	 052	 080
046	 052	 082
046	 052	 084
046	 052	 086
046	 052	 192
046	 052	 194
046	 052	 195
046	 052	 197
046	 052	 199
046	 052	 200
046	 052	 207
046	 052	 209
046	 052	 211
046	 052	 213
046	 056	 078
046	 056	 080
046	 056	 082
046	 056	 084
046	 056	 086
046	 056	 088
046	 056	 090
046	 056	 192
046	 056	 197
046	 056	 199
046	 056	 200
046	 056	 207
046	 056	 209
046	 056	 211
046	 056	 213
046	 056	 999
046	 058	 060
046	 058	 062
046	 060	 074
046	 060	 076
046	 060	 078
046	 060	 080
046	 060	 082
046	 060	 207
046	 060	 209
046	 064	 074
046	 064	 076
046	 064	 078
046	 064	 080
046	 064	 194
046	 064	 195
046	 064	 197
046	 064	 199
046	 064	 200
046	 064	 207
046	 066	 070
046	 066	 072
046	 066	 074
046	 066	 076
046	 066	 078
046	 066	 080
046	 066	 082
046	 066	 090
046	 066	 192
046	 066	 194
046	 066	 195
046	 066	 197
046	 066	 199
046	 066	 200
046	 066	 207
046	 066	 209
046	 068	 074
046	 068	 076
046	 068	 078
046	 068	 080
046	 068	 082
046	 068	 084
046	 068	 086
046	 068	 999
046	 070	 072
046	 070	 074
046	 070	 076
046	 070	 078
046	 070	 080
046	 070	 082
046	 070	 084
046	 070	 086
046	 070	 088
046	 070	 090
046	 070	 192
046	 072	 074
046	 072	 076
046	 076	 078
046	 076	 080
046	 076	 082
046	 076	 084
046	 076	 086
046	 076	 088
046	 076	 090
046	 076	 192
046	 076	 194
046	 076	 195
046	 076	 197
046	 076	 207
046	 076	 209
046	 076	 211
046	 076	 213
046	 076	 999
046	 078	 080
046	 078	 082
046	 078	 084
046	 078	 086
046	 078	 088
046	 078	 194
046	 078	 195
046	 078	 197
046	 078	 199
046	 078	 200
046	 078	 207
046	 078	 209
046	 078	 211
046	 078	 213
046	 078	 999
046	 080	 194
046	 080	 195
046	 080	 197
046	 080	 199
046	 080	 200
046	 080	 207
046	 080	 209
046	 080	 211
046	 080	 213
046	 080	 999
046	 082	 084
046	 082	 086
046	 082	 088
046	 082	 090
046	 082	 192
046	 082	 194
046	 082	 195
046	 082	 197
046	 082	 200
046	 082	 207
046	 082	 209
046	 082	 211
046	 082	 213
046	 082	 999
046	 084	 086
046	 084	 088
046	 084	 090
046	 084	 192
046	 084	 194
046	 084	 213
046	 084	 999
046	 086	 088
046	 086	 090
046	 086	 192
046	 090	 213
046	 090	 999
046	 192	 194
046	 192	 195
046	 192	 197
046	 194	 197
046	 194	 199
046	 194	 200
046	 194	 207
046	 195	 200
046	 195	 207
046	 195	 209
046	 195	 211
046	 195	 213
046	 195	 999
048	 050	 056
048	 050	 058
048	 050	 060
048	 050	 062
048	 050	 064
048	 050	 066
048	 050	 082
048	 050	 084
048	 050	 086
048	 050	 088
048	 050	 090
048	 050	 197
048	 050	 199
048	 050	 200
048	 050	 207
048	 050	 209
048	 050	 211
048	 050	 213
048	 050	 999
048	 052	 054
048	 052	 078
048	 054	 078
048	 054	 080
048	 054	 082
048	 054	 084
048	 054	 086
048	 054	 088
048	 054	 090
048	 054	 192
048	 054	 199
048	 054	 200
048	 054	 207
048	 054	 209
048	 054	 211
048	 054	 213
048	 054	 999
048	 056	 058
048	 056	 060
048	 056	 076
048	 056	 078
048	 056	 080
048	 056	 082
048	 056	 084
048	 058	 060
048	 058	 062
048	 058	 064
048	 058	 066
048	 058	 068
048	 058	 070
048	 058	 072
048	 058	 074
048	 058	 076
048	 058	 078
048	 058	 197
048	 058	 199
048	 058	 200
048	 058	 211
048	 058	 213
048	 058	 999
048	 060	 062
048	 060	 064
048	 060	 066
048	 060	 068
048	 060	 070
048	 060	 072
048	 060	 074
048	 060	 084
048	 060	 086
048	 060	 088
048	 060	 090
048	 060	 192
048	 060	 194
048	 060	 195
048	 060	 197
048	 060	 211
048	 060	 213
048	 060	 999
048	 062	 064
048	 062	 066
048	 062	 068
048	 062	 070
048	 062	 072
048	 062	 200
048	 062	 207
048	 062	 209
048	 062	 211
048	 062	 213
048	 062	 999
048	 064	 066
048	 064	 068
048	 064	 070
048	 064	 072
048	 064	 078
048	 064	 080
048	 064	 082
048	 064	 084
048	 064	 086
048	 064	 088
048	 064	 090
048	 064	 192
048	 064	 194
048	 064	 195
048	 066	 080
048	 066	 082
048	 066	 084
048	 066	 086
048	 066	 088
048	 066	 090
048	 066	 192
048	 066	 194
048	 066	 195
048	 066	 197
048	 068	 086
048	 068	 088
048	 068	 090
048	 068	 192
048	 068	 194
048	 068	 195
048	 068	 197
048	 068	 199
048	 068	 200
048	 072	 078
048	 072	 080
048	 072	 082
048	 072	 084
048	 072	 086
048	 072	 088
048	 072	 090
048	 072	 192
048	 074	 082
048	 074	 084
048	 074	 086
048	 074	 088
048	 074	 090
048	 074	 192
048	 074	 194
048	 074	 195
048	 074	 197
048	 074	 199
048	 074	 200
048	 078	 199
048	 078	 200
048	 078	 207
048	 078	 211
048	 078	 213
048	 078	 999
048	 080	 082
048	 080	 084
048	 080	 086
048	 080	 088
048	 080	 090
048	 080	 192
048	 080	 194
048	 080	 195
048	 080	 200
048	 080	 207
048	 080	 209
048	 080	 211
048	 080	 213
048	 080	 999
048	 082	 084
048	 082	 086
048	 082	 088
048	 082	 090
048	 082	 195
048	 082	 197
048	 082	 199
048	 082	 200
048	 082	 207
048	 082	 209
048	 082	 211
048	 082	 213
048	 082	 999
048	 084	 086
048	 195	 197
048	 195	 199
048	 195	 200
048	 195	 207
050	 052	 078
050	 052	 080
050	 052	 082
050	 052	 084
050	 054	 072
050	 054	 074
050	 054	 088
050	 054	 090
050	 054	 192
050	 054	 194
050	 054	 195
050	 054	 197
050	 054	 999
050	 056	 058
050	 056	 060
050	 056	 062
050	 056	 064
050	 056	 066
050	 056	 076
050	 056	 078
050	 056	 080
050	 056	 082
050	 056	 084
050	 056	 086
050	 056	 088
050	 056	 090
050	 056	 213
050	 056	 999
050	 058	 060
050	 060	 192
050	 060	 194
050	 060	 195
050	 060	 197
050	 060	 199
050	 060	 200
050	 060	 207
050	 062	 070
050	 062	 072
050	 062	 074
050	 062	 076
050	 062	 078
050	 062	 088
050	 062	 090
050	 062	 192
050	 062	 194
050	 062	 195
050	 062	 197
050	 062	 199
050	 062	 200
050	 062	 211
050	 062	 213
050	 062	 999
050	 064	 066
050	 064	 068
050	 064	 070
050	 064	 072
050	 064	 074
050	 064	 076
050	 064	 078
050	 064	 088
050	 064	 090
050	 064	 192
050	 064	 194
050	 064	 195
050	 064	 197
050	 064	 199
050	 064	 200
050	 066	 076
050	 066	 078
050	 066	 080
050	 068	 090
050	 068	 192
050	 068	 194
050	 068	 195
050	 068	 197
050	 068	 199
050	 068	 200
050	 068	 207
050	 068	 209
050	 068	 211
050	 072	 199
050	 072	 200
050	 072	 207
050	 072	 209
050	 072	 211
050	 072	 213
050	 072	 999
050	 074	 076
050	 074	 078
050	 074	 080
050	 074	 082
050	 074	 084
050	 076	 194
050	 076	 195
050	 078	 209
050	 078	 211
050	 078	 213
050	 082	 200
050	 082	 207
050	 082	 209
050	 082	 211
050	 082	 213
050	 082	 999
050	 084	 086
050	 084	 088
050	 084	 090
050	 084	 192
050	 084	 197
050	 084	 199
050	 084	 200
050	 084	 207
050	 084	 209
050	 084	 211
050	 084	 213
050	 084	 999
050	 086	 088
050	 086	 090
050	 088	 195
050	 088	 197
050	 088	 199
050	 088	 200
050	 088	 207
050	 088	 209
050	 088	 211
050	 088	 213
050	 088	 999
050	 090	 192
050	 192	 197
050	 192	 199
050	 192	 200
050	 192	 207
050	 192	 209
050	 192	 211
050	 192	 213
050	 192	 999
050	 194	 195
050	 194	 197
050	 194	 199
050	 194	 200
050	 194	 211
050	 194	 213
050	 194	 999
050	 195	 197
050	 195	 199
050	 195	 200
050	 195	 207
050	 195	 209
050	 195	 211
050	 195	 213
050	 197	 213
050	 197	 999
050	 199	 200
050	 199	 207
050	 199	 209
050	 199	 211
052	 056	 199
052	 056	 200
052	 056	 207
052	 056	 209
052	 056	 211
052	 058	 066
052	 058	 068
052	 058	 070
052	 058	 072
052	 058	 074
052	 058	 076
052	 058	 078
052	 058	 082
052	 058	 084
052	 058	 086
052	 058	 088
052	 058	 090
052	 058	 192
052	 058	 194
052	 058	 195
052	 058	 197
052	 058	 199
052	 058	 200
052	 060	 084
052	 060	 086
052	 060	 088
052	 060	 090
052	 060	 192
052	 060	 194
052	 060	 195
052	 060	 197
052	 060	 199
052	 060	 200
052	 060	 207
052	 060	 209
052	 060	 211
052	 060	 213
052	 060	 999
052	 062	 064
052	 062	 066
052	 062	 068
052	 062	 070
052	 062	 072
052	 062	 078
052	 062	 080
052	 062	 082
052	 062	 084
052	 062	 086
052	 062	 088
052	 062	 090
052	 062	 192
052	 062	 194
052	 062	 195
052	 062	 207
052	 062	 209
052	 062	 211
052	 062	 213
052	 062	 999
052	 064	 066
052	 064	 068
052	 064	 070
052	 064	 072
052	 064	 211
052	 064	 213
052	 064	 999
052	 066	 068
052	 066	 070
052	 066	 072
052	 066	 074
052	 066	 082
052	 066	 084
052	 066	 086
052	 066	 088
052	 066	 090
052	 066	 192
052	 066	 194
052	 066	 195
052	 066	 197
052	 068	 192
052	 068	 194
052	 068	 195
052	 068	 197
052	 068	 199
052	 068	 200
052	 070	 207
052	 070	 209
052	 070	 211
052	 074	 090
052	 074	 192
052	 074	 194
052	 074	 195
052	 074	 197
052	 074	 199
052	 074	 200
052	 078	 084
052	 078	 086
052	 078	 088
052	 078	 090
052	 078	 192
052	 078	 194
052	 078	 195
052	 078	 197
052	 078	 199
052	 078	 200
052	 078	 207
052	 084	 197
052	 084	 199
052	 084	 200
052	 084	 207
052	 084	 209
052	 084	 211
052	 084	 213
052	 192	 207
052	 192	 209
052	 192	 211
052	 192	 213
052	 192	 999
052	 194	 195
052	 207	 999
052	 209	 211
052	 209	 213
052	 209	 999
052	 211	 213
052	 211	 999
052	 213	 999
054	 056	 058
054	 056	 060
054	 056	 062
054	 056	 064
054	 056	 209
054	 056	 211
054	 056	 213
054	 056	 999
054	 058	 082
054	 058	 199
054	 058	 200
054	 058	 207
054	 058	 209
054	 060	 209
054	 060	 211
054	 060	 213
054	 060	 999
054	 062	 064
054	 062	 066
054	 062	 068
054	 062	 070
054	 062	 072
054	 062	 074
054	 062	 076
054	 062	 086
054	 062	 088
054	 062	 090
054	 062	 192
054	 062	 194
054	 062	 195
054	 062	 197
054	 062	 199
054	 064	 076
054	 064	 197
054	 064	 199
054	 066	 076
054	 066	 078
054	 066	 999
054	 068	 070
054	 068	 072
054	 068	 074
054	 068	 076
054	 068	 078
054	 068	 080
054	 068	 082
054	 068	 213
054	 068	 999
054	 070	 072
054	 070	 074
054	 070	 076
054	 070	 078
054	 070	 080
054	 070	 082
054	 070	 084
054	 070	 086
054	 070	 088
054	 076	 088
054	 076	 090
054	 076	 192
054	 076	 194
054	 078	 194
054	 078	 195
054	 078	 197
054	 078	 199
054	 078	 200
054	 078	 207
054	 078	 209
054	 078	 211
054	 080	 200
054	 080	 207
054	 080	 209
054	 080	 211
054	 080	 213
054	 080	 999
054	 082	 084
054	 082	 086
054	 082	 088
054	 082	 090
054	 082	 192
054	 082	 194
054	 086	 213
054	 086	 999
054	 088	 207
054	 088	 209
054	 088	 211
054	 088	 213
054	 088	 999
054	 192	 207
054	 192	 209
054	 192	 211
054	 192	 213
054	 192	 999
054	 194	 195
054	 194	 197
054	 194	 199
054	 195	 197
054	 195	 199
054	 195	 200
054	 195	 207
054	 195	 209
054	 195	 211
054	 197	 211
054	 197	 213
054	 197	 999
054	 199	 200
054	 199	 207
054	 199	 209
054	 209	 213
054	 209	 999
054	 211	 213
054	 211	 999
054	 213	 999
056	 058	 060
056	 058	 062
056	 058	 064
056	 058	 066
056	 058	 068
056	 058	 070
056	 058	 076
056	 058	 078
056	 058	 080
056	 058	 082
056	 058	 084
056	 058	 086
056	 058	 088
056	 058	 090
056	 058	 192
056	 058	 194
056	 058	 200
056	 058	 207
056	 058	 209
056	 058	 211
056	 058	 213
056	 058	 999
056	 060	 062
056	 060	 064
056	 060	 066
056	 060	 070
056	 060	 072
056	 060	 074
056	 060	 076
056	 060	 078
056	 060	 080
056	 060	 082
056	 060	 084
056	 060	 086
056	 060	 088
056	 060	 090
056	 060	 194
056	 060	 195
056	 060	 197
056	 060	 199
056	 060	 200
056	 060	 207
056	 060	 209
056	 060	 211
056	 060	 213
056	 060	 999
056	 062	 064
056	 062	 066
056	 062	 068
056	 062	 070
056	 062	 072
056	 062	 074
056	 062	 076
056	 062	 078
056	 062	 080
056	 062	 082
056	 062	 084
056	 062	 086
056	 062	 088
056	 062	 207
056	 062	 209
056	 062	 211
056	 062	 213
056	 062	 999
056	 064	 200
056	 064	 207
056	 064	 209
056	 064	 211
056	 064	 213
056	 064	 999
056	 066	 072
056	 066	 074
056	 066	 076
056	 066	 078
056	 066	 080
056	 066	 082
056	 066	 084
056	 066	 086
056	 066	 088
056	 066	 090
056	 066	 209
056	 066	 211
056	 066	 213
056	 066	 999
056	 068	 070
056	 070	 072
056	 070	 074
056	 070	 076
056	 070	 082
056	 070	 084
056	 070	 086
056	 070	 088
056	 070	 090
056	 070	 192
056	 070	 194
056	 070	 195
056	 070	 197
056	 070	 199
056	 078	 194
056	 078	 195
056	 080	 082
056	 080	 084
056	 080	 086
056	 080	 088
056	 082	 088
056	 082	 090
056	 082	 192
056	 082	 194
056	 082	 195
056	 082	 197
056	 082	 199
056	 082	 200
056	 082	 207
056	 082	 209
056	 084	 088
056	 084	 090
056	 084	 192
056	 084	 194
056	 084	 195
056	 084	 197
056	 084	 199
056	 084	 200
056	 084	 999
056	 086	 088
056	 086	 090
056	 086	 192
056	 086	 194
056	 086	 195
056	 086	 197
056	 086	 199
056	 194	 195
056	 194	 197
056	 194	 199
056	 194	 200
056	 194	 207
056	 194	 209
056	 194	 211
056	 194	 213
056	 194	 999
056	 199	 200
056	 199	 207
056	 199	 209
056	 199	 211
056	 199	 213
056	 199	 999
056	 200	 207
056	 200	 209
056	 200	 211
056	 211	 999
056	 213	 999
058	 060	 082
058	 060	 084
058	 060	 090
058	 060	 192
058	 060	 194
058	 060	 195
058	 060	 197
058	 060	 199
058	 060	 200
058	 060	 207
058	 060	 209
058	 060	 211
058	 062	 070
058	 062	 072
058	 062	 074
058	 062	 076
058	 062	 078
058	 062	 080
058	 062	 082
058	 062	 209
058	 064	 068
058	 064	 070
058	 064	 072
058	 064	 074
058	 064	 076
058	 064	 078
058	 064	 080
058	 064	 082
058	 064	 209
058	 066	 195
058	 066	 197
058	 066	 199
058	 066	 200
058	 066	 207
058	 066	 209
058	 066	 211
058	 068	 088
058	 070	 086
058	 070	 088
058	 070	 090
058	 070	 192
058	 070	 194
058	 076	 080
058	 076	 082
058	 076	 084
058	 076	 086
058	 076	 088
058	 076	 090
058	 076	 192
058	 076	 194
058	 076	 195
058	 076	 197
058	 076	 199
058	 080	 211
058	 080	 213
058	 080	 999
058	 082	 084
058	 082	 086
058	 082	 088
058	 082	 090
058	 082	 192
058	 082	 194
058	 082	 195
058	 082	 197
058	 082	 199
058	 086	 194
058	 088	 090
058	 088	 192
058	 088	 194
058	 088	 199
058	 088	 200
058	 088	 207
058	 088	 209
058	 088	 211
058	 088	 213
058	 088	 999
058	 090	 192
058	 090	 194
058	 090	 195
058	 192	 200
058	 192	 207
058	 192	 209
058	 192	 211
058	 192	 213
058	 192	 999
058	 194	 195
058	 194	 197
058	 194	 199
058	 194	 200
058	 194	 207
058	 194	 209
058	 197	 200
058	 197	 207
058	 197	 209
058	 197	 211
058	 197	 213
058	 197	 999
058	 199	 200
058	 199	 207
058	 199	 209
058	 199	 211
058	 199	 213
058	 199	 999
058	 200	 209
058	 200	 211
058	 200	 213
058	 200	 999
058	 207	 209
058	 207	 211
058	 207	 213
058	 207	 999
058	 209	 211
058	 209	 213
058	 209	 999
060	 062	 070
060	 062	 072
060	 062	 074
060	 062	 076
060	 062	 078
060	 062	 080
060	 064	 068
060	 064	 070
060	 064	 072
060	 064	 074
060	 064	 076
060	 064	 078
060	 064	 080
060	 066	 999
060	 068	 070
060	 068	 072
060	 068	 074
060	 068	 076
060	 068	 078
060	 068	 080
060	 068	 082
060	 068	 084
060	 068	 086
060	 068	 192
060	 068	 194
060	 068	 195
060	 068	 197
060	 068	 199
060	 068	 200
060	 068	 207
060	 068	 209
060	 068	 211
060	 068	 213
060	 070	 078
060	 070	 080
060	 070	 082
060	 070	 084
060	 070	 086
060	 070	 088
060	 070	 090
060	 070	 192
060	 072	 192
060	 072	 194
060	 072	 195
060	 072	 197
060	 072	 199
060	 072	 207
060	 072	 209
060	 072	 211
060	 072	 213
060	 072	 999
060	 074	 076
060	 074	 078
060	 074	 080
060	 074	 082
060	 074	 084
060	 074	 086
060	 076	 080
060	 076	 082
060	 076	 084
060	 076	 086
060	 076	 088
060	 076	 090
060	 076	 192
060	 076	 194
060	 076	 195
060	 076	 197
060	 076	 209
060	 076	 211
060	 076	 213
060	 076	 999
060	 078	 080
060	 078	 082
060	 078	 084
060	 078	 086
060	 078	 088
060	 080	 090
060	 080	 192
060	 080	 194
060	 080	 195
060	 080	 197
060	 080	 199
060	 080	 200
060	 080	 207
060	 080	 213
060	 080	 999
060	 082	 084
060	 082	 086
060	 082	 088
060	 082	 090
060	 082	 192
060	 082	 194
060	 082	 195
060	 082	 197
060	 082	 211
060	 082	 213
060	 082	 999
060	 084	 086
060	 084	 088
060	 084	 090
060	 084	 192
060	 084	 194
060	 084	 999
060	 086	 088
060	 086	 090
060	 086	 192
060	 086	 207
060	 086	 209
060	 086	 211
060	 086	 213
060	 086	 999
060	 088	 090
060	 088	 192
060	 090	 213
060	 090	 999
060	 192	 194
060	 192	 195
060	 192	 197
060	 194	 195
060	 194	 197
060	 194	 199
060	 194	 200
060	 194	 207
060	 197	 207
060	 197	 209
060	 197	 211
060	 197	 213
060	 197	 999
060	 199	 200
060	 199	 207
060	 199	 209
060	 199	 211
060	 199	 213
060	 200	 207
060	 200	 209
060	 200	 211
060	 200	 213
060	 200	 999
060	 207	 209
060	 207	 211
060	 207	 213
060	 207	 999
060	 209	 211
060	 209	 213
062	 064	 080
062	 064	 082
062	 064	 084
062	 064	 086
062	 064	 088
062	 064	 090
062	 064	 192
062	 064	 194
062	 064	 195
062	 064	 197
062	 064	 199
062	 064	 200
062	 064	 207
062	 066	 072
062	 066	 074
062	 066	 076
062	 066	 078
062	 066	 080
062	 066	 082
062	 068	 194
062	 068	 195
062	 068	 197
062	 068	 199
062	 068	 200
062	 068	 207
062	 068	 209
062	 068	 211
062	 068	 213
062	 070	 213
062	 070	 999
062	 072	 074
062	 072	 076
062	 074	 195
062	 074	 197
062	 074	 199
062	 074	 200
062	 074	 207
062	 074	 209
062	 074	 211
062	 074	 213
062	 078	 195
062	 078	 197
062	 078	 199
062	 078	 200
062	 078	 207
062	 078	 209
062	 078	 211
062	 078	 213
062	 078	 999
062	 086	 088
062	 086	 090
062	 086	 192
062	 086	 195
062	 086	 197
062	 086	 199
062	 086	 200
062	 086	 207
062	 086	 209
062	 086	 211
062	 086	 213
062	 086	 999
062	 088	 090
062	 088	 192
062	 088	 999
062	 090	 192
062	 090	 194
062	 090	 200
062	 090	 207
062	 090	 209
062	 090	 211
062	 090	 213
062	 090	 999
062	 192	 194
062	 192	 195
062	 192	 197
062	 192	 999
062	 194	 195
062	 194	 197
062	 194	 199
062	 194	 200
062	 194	 207
062	 207	 209
062	 207	 211
062	 207	 213
062	 207	 999
062	 209	 211
062	 209	 213
062	 211	 999
062	 213	 999
064	 066	 068
064	 066	 070
064	 066	 072
064	 066	 074
064	 066	 076
064	 066	 078
064	 066	 080
064	 066	 082
064	 066	 999
064	 068	 070
064	 068	 072
064	 068	 074
064	 068	 076
064	 068	 078
064	 068	 080
064	 068	 082
064	 068	 084
064	 068	 086
064	 068	 207
064	 068	 209
064	 068	 211
064	 068	 213
064	 072	 086
064	 072	 088
064	 072	 090
064	 072	 192
064	 072	 194
064	 072	 195
064	 072	 197
064	 072	 199
064	 074	 076
064	 074	 078
064	 074	 080
064	 074	 082
064	 074	 084
064	 074	 086
064	 074	 209
064	 074	 211
064	 074	 213
064	 078	 207
064	 078	 209
064	 078	 211
064	 078	 213
064	 078	 999
064	 080	 090
064	 080	 192
064	 080	 194
064	 080	 195
064	 080	 197
064	 080	 199
064	 080	 200
064	 080	 207
064	 082	 200
064	 082	 207
064	 082	 209
064	 082	 211
064	 082	 213
064	 082	 999
064	 084	 086
064	 084	 088
064	 084	 090
064	 084	 192
064	 084	 194
064	 084	 197
064	 084	 199
064	 084	 200
064	 084	 207
064	 084	 209
064	 084	 211
064	 084	 213
064	 084	 999
064	 086	 088
064	 086	 090
064	 086	 192
064	 086	 195
064	 086	 197
064	 086	 199
064	 086	 200
064	 086	 207
064	 086	 209
064	 086	 211
064	 086	 213
064	 086	 999
064	 088	 090
064	 088	 192
064	 090	 200
064	 090	 207
064	 090	 209
064	 090	 211
064	 090	 213
064	 090	 999
064	 192	 194
064	 192	 195
064	 192	 197
064	 192	 207
064	 192	 209
064	 192	 211
064	 192	 213
064	 192	 999
064	 194	 195
064	 194	 197
064	 194	 199
064	 194	 200
064	 194	 207
064	 195	 200
064	 195	 207
064	 195	 209
064	 195	 211
064	 195	 213
064	 195	 999
066	 068	 070
066	 068	 072
066	 068	 074
066	 068	 076
066	 068	 078
066	 068	 080
066	 068	 082
066	 068	 084
066	 070	 209
066	 070	 211
066	 070	 213
066	 070	 999
066	 072	 074
066	 072	 197
066	 074	 209
066	 074	 211
066	 074	 999
066	 076	 078
066	 076	 080
066	 076	 082
066	 076	 084
066	 076	 086
066	 076	 088
066	 076	 090
066	 076	 192
066	 076	 194
066	 076	 195
066	 076	 213
066	 076	 999
066	 078	 080
066	 078	 082
066	 078	 084
066	 078	 086
066	 078	 194
066	 078	 195
066	 078	 197
066	 078	 199
066	 078	 200
066	 078	 207
066	 078	 209
066	 078	 211
066	 078	 213
066	 078	 999
066	 080	 082
066	 080	 084
066	 080	 086
066	 080	 088
066	 080	 090
066	 080	 192
066	 080	 194
066	 080	 195
066	 080	 197
066	 080	 199
066	 080	 200
066	 082	 088
066	 082	 090
066	 082	 192
066	 082	 194
066	 082	 195
066	 084	 207
066	 084	 209
066	 084	 211
066	 084	 213
066	 084	 999
066	 086	 088
066	 086	 090
066	 088	 197
066	 088	 199
066	 088	 200
066	 088	 207
066	 088	 209
066	 088	 211
066	 088	 213
066	 088	 999
066	 090	 192
066	 090	 195
066	 090	 197
066	 090	 199
066	 090	 200
066	 090	 207
066	 090	 209
066	 090	 211
066	 090	 213
066	 090	 999
066	 192	 194
066	 192	 195
066	 209	 999
066	 211	 213
066	 211	 999
066	 213	 999
068	 070	 072
068	 070	 074
068	 070	 076
068	 070	 078
068	 070	 080
068	 070	 082
068	 070	 084
068	 070	 086
068	 070	 088
068	 070	 090
068	 070	 192
068	 070	 194
068	 070	 195
068	 070	 197
068	 070	 199
068	 070	 200
068	 070	 207
068	 070	 209
068	 070	 211
068	 074	 213
068	 074	 999
068	 076	 078
068	 076	 080
068	 076	 082
068	 076	 084
068	 076	 086
068	 076	 088
068	 076	 090
068	 076	 192
068	 076	 194
068	 076	 195
068	 076	 197
068	 076	 199
068	 076	 200
068	 076	 207
068	 076	 209
068	 076	 211
068	 076	 213
068	 076	 999
068	 078	 080
068	 080	 200
068	 080	 207
068	 080	 209
068	 080	 211
068	 080	 213
068	 080	 999
068	 082	 084
068	 082	 086
068	 082	 088
068	 082	 090
068	 084	 195
068	 084	 197
068	 084	 199
068	 084	 200
068	 084	 207
068	 084	 209
068	 084	 211
068	 084	 213
068	 086	 197
068	 086	 199
068	 086	 200
068	 086	 207
068	 086	 209
068	 086	 211
068	 088	 090
068	 088	 192
068	 088	 194
068	 088	 195
068	 088	 197
068	 088	 199
068	 088	 200
068	 088	 207
068	 088	 209
068	 088	 211
068	 194	 211
068	 194	 213
068	 194	 999
068	 195	 197
068	 195	 199
068	 195	 200
068	 195	 207
068	 207	 209
068	 207	 211
070	 072	 084
070	 072	 086
070	 072	 088
070	 072	 090
070	 072	 192
070	 072	 194
070	 072	 195
070	 072	 197
070	 072	 199
070	 072	 200
070	 072	 207
070	 074	 195
070	 074	 197
070	 074	 199
070	 074	 200
070	 074	 207
070	 074	 209
070	 074	 211
070	 074	 213
070	 074	 999
070	 076	 078
070	 076	 209
070	 076	 211
070	 076	 213
070	 076	 999
070	 078	 080
070	 078	 082
070	 078	 084
070	 078	 086
070	 078	 088
070	 078	 090
070	 078	 192
070	 078	 199
070	 078	 200
070	 078	 207
070	 078	 209
070	 078	 211
070	 078	 213
070	 078	 999
070	 080	 082
070	 080	 084
070	 080	 199
070	 080	 200
070	 080	 207
070	 080	 209
070	 080	 211
070	 082	 088
070	 082	 090
070	 082	 192
070	 082	 194
070	 082	 195
070	 082	 197
070	 082	 199
070	 082	 200
070	 084	 195
070	 084	 197
070	 086	 999
070	 088	 090
070	 088	 192
070	 088	 194
070	 088	 195
070	 090	 195
070	 090	 197
070	 195	 197
070	 195	 199
070	 195	 200
070	 195	 207
070	 195	 209
070	 195	 211
070	 195	 213
070	 195	 999
070	 197	 199
070	 197	 200
072	 074	 088
072	 074	 090
072	 074	 192
072	 074	 194
072	 074	 211
072	 074	 213
072	 074	 999
072	 076	 078
072	 076	 080
072	 076	 082
072	 076	 199
072	 076	 200
072	 076	 207
072	 076	 209
072	 076	 213
072	 076	 999
072	 078	 080
072	 078	 082
072	 078	 084
072	 078	 086
072	 078	 088
072	 078	 090
072	 078	 192
072	 078	 194
072	 078	 195
072	 082	 088
072	 082	 090
072	 082	 192
072	 082	 194
072	 082	 195
072	 082	 197
072	 082	 199
072	 082	 200
072	 082	 207
072	 082	 209
072	 084	 192
072	 084	 194
072	 084	 195
072	 084	 197
072	 084	 199
072	 084	 200
072	 086	 197
072	 086	 199
072	 086	 213
072	 086	 999
072	 088	 090
072	 088	 192
072	 088	 194
072	 088	 195
072	 088	 197
072	 088	 199
072	 088	 207
072	 088	 209
072	 088	 211
072	 088	 213
072	 088	 999
072	 090	 192
072	 090	 194
072	 090	 195
072	 090	 197
072	 090	 199
072	 090	 200
072	 192	 207
072	 192	 209
072	 194	 199
072	 194	 200
072	 194	 207
072	 194	 209
072	 194	 211
072	 194	 213
072	 194	 999
072	 195	 999
072	 197	 199
072	 197	 200
072	 197	 207
072	 197	 209
