002	 004	 209
002	 004	 211
002	 004	 213
002	 004	 999
002	 008	 010
002	 008	 012
002	 008	 014
002	 008	 016
002	 008	 018
002	 008	 064
002	 008	 066
002	 008	 068
002	 008	 072
002	 008	 074
002	 008	 076
002	 008	 078
002	 008	 080
002	 008	 082
002	 008	 209
002	 008	 211
002	 008	 213
002	 010	 060
002	 010	 062
002	 010	 064
002	 010	 066
002	 010	 068
002	 010	 072
002	 012	 030
002	 012	 038
002	 012	 090
002	 012	 192
002	 012	 194
002	 012	 197
002	 012	 200
002	 012	 207
002	 012	 209
002	 012	 211
002	 012	 213
002	 012	 999
002	 014	 016
002	 014	 018
002	 014	 211
002	 014	 213
002	 014	 999
002	 016	 018
002	 016	 022
002	 016	 030
002	 016	 038
002	 016	 040
002	 016	 042
002	 016	 044
002	 016	 046
002	 016	 048
002	 016	 050
002	 016	 052
002	 016	 068
002	 016	 072
002	 016	 074
002	 016	 076
002	 016	 078
002	 016	 082
002	 016	 084
002	 016	 086
002	 016	 088
002	 016	 090
002	 016	 192
002	 016	 194
002	 016	 197
002	 016	 200
002	 016	 207
002	 016	 209
002	 018	 042
002	 018	 044
002	 018	 046
002	 018	 048
002	 018	 050
002	 018	 058
002	 018	 060
002	 018	 062
002	 018	 064
002	 018	 066
002	 018	 068
002	 018	 072
002	 018	 074
002	 018	 076
002	 018	 090
002	 018	 192
002	 018	 194
002	 018	 197
002	 018	 200
002	 018	 207
002	 022	 052
002	 022	 054
002	 022	 056
002	 022	 058
002	 022	 060
002	 022	 062
002	 022	 064
002	 022	 066
002	 022	 068
002	 022	 072
002	 022	 074
002	 022	 076
002	 030	 074
002	 030	 076
002	 030	 078
002	 030	 200
002	 030	 207
002	 030	 209
002	 038	 044
002	 038	 046
002	 038	 048
002	 038	 050
002	 038	 052
002	 038	 054
002	 038	 056
002	 038	 194
002	 038	 197
002	 038	 200
002	 038	 207
002	 038	 209
002	 038	 211
002	 038	 213
002	 040	 999
002	 042	 044
002	 042	 046
002	 044	 090
002	 044	 192
002	 044	 194
002	 044	 197
002	 044	 200
002	 044	 207
002	 044	 209
002	 044	 211
002	 044	 213
002	 046	 064
002	 046	 066
002	 046	 068
002	 046	 211
002	 046	 213
002	 046	 999
002	 048	 050
002	 048	 052
002	 048	 054
002	 048	 056
002	 048	 058
002	 048	 068
002	 048	 072
002	 048	 074
002	 048	 076
002	 048	 078
002	 048	 080
002	 048	 082
002	 048	 084
002	 048	 197
002	 048	 200
002	 048	 207
002	 048	 209
002	 048	 211
002	 048	 213
002	 048	 999
002	 050	 076
002	 050	 082
002	 050	 084
002	 050	 086
002	 050	 088
002	 050	 090
002	 050	 192
002	 050	 194
002	 050	 197
002	 050	 200
002	 050	 207
002	 052	 084
002	 052	 086
002	 052	 088
002	 052	 090
002	 052	 192
002	 052	 194
002	 052	 200
002	 052	 207
002	 052	 209
002	 052	 211
002	 052	 213
002	 052	 999
002	 054	 056
002	 054	 058
002	 054	 060
002	 054	 062
002	 054	 064
002	 054	 088
002	 054	 090
002	 054	 209
002	 054	 211
002	 054	 213
002	 054	 999
002	 056	 058
002	 056	 060
002	 056	 062
002	 056	 074
002	 056	 076
002	 056	 078
002	 056	 080
002	 056	 082
002	 056	 084
002	 056	 086
002	 056	 088
002	 056	 194
002	 056	 197
002	 056	 200
002	 056	 207
002	 056	 209
002	 056	 211
002	 056	 213
002	 056	 999
002	 058	 060
002	 058	 062
002	 060	 084
002	 060	 086
002	 060	 088
002	 060	 090
002	 062	 076
002	 062	 078
002	 062	 080
002	 062	 082
002	 062	 084
002	 062	 086
002	 062	 088
002	 062	 090
002	 062	 192
002	 062	 194
002	 062	 207
002	 062	 209
002	 062	 211
002	 062	 213
002	 062	 999
002	 064	 066
002	 064	 068
002	 064	 072
002	 064	 074
002	 064	 076
002	 068	 194
002	 068	 211
002	 068	 213
002	 068	 999
002	 072	 074
002	 072	 076
002	 072	 078
002	 072	 080
002	 072	 082
002	 074	 192
002	 074	 194
002	 074	 197
002	 074	 200
002	 074	 207
002	 074	 209
002	 074	 211
002	 074	 213
002	 074	 999
002	 076	 078
002	 076	 080
002	 076	 082
002	 076	 084
002	 076	 086
002	 076	 088
002	 078	 080
002	 078	 082
002	 078	 090
002	 078	 192
002	 078	 194
002	 078	 197
002	 078	 200
002	 078	 207
002	 078	 209
002	 078	 211
002	 078	 213
002	 080	 197
002	 080	 200
002	 080	 207
002	 080	 209
002	 082	 088
002	 082	 090
002	 082	 192
002	 082	 194
002	 082	 197
002	 082	 200
002	 082	 207
002	 084	 090
002	 084	 192
002	 084	 194
002	 084	 197
002	 084	 200
002	 084	 207
002	 084	 213
002	 084	 999
002	 086	 088
002	 086	 090
002	 086	 192
002	 086	 194
002	 086	 197
002	 086	 200
002	 086	 207
002	 086	 209
002	 088	 200
002	 088	 207
002	 088	 209
002	 088	 211
002	 088	 213
002	 090	 211
002	 090	 213
002	 090	 999
002	 192	 194
002	 192	 197
002	 192	 209
002	 192	 211
002	 192	 213
002	 192	 999
002	 194	 197
002	 194	 200
002	 194	 207
002	 194	 209
002	 194	 211
002	 194	 213
002	 197	 207
002	 197	 209
002	 197	 211
002	 197	 213
002	 197	 999
002	 200	 207
002	 200	 209
002	 200	 211
002	 200	 213
002	 200	 999
002	 209	 999
002	 211	 213
002	 211	 999
002	 213	 999
004	 008	 010
004	 008	 012
004	 008	 016
004	 008	 018
004	 008	 022
004	 008	 030
004	 008	 038
004	 008	 040
004	 008	 042
004	 008	 044
004	 008	 046
004	 008	 048
004	 008	 050
004	 010	 018
004	 010	 022
004	 010	 030
004	 010	 038
004	 010	 040
004	 010	 194
004	 010	 197
004	 010	 200
004	 010	 207
004	 010	 209
004	 010	 211
004	 010	 213
004	 010	 999
004	 012	 014
004	 012	 016
004	 012	 018
004	 012	 042
004	 012	 044
004	 012	 046
004	 012	 048
004	 012	 050
004	 012	 052
004	 012	 054
004	 012	 056
004	 012	 088
004	 012	 090
004	 012	 192
004	 012	 194
004	 012	 197
004	 012	 200
004	 012	 207
004	 012	 209
004	 012	 211
004	 012	 213
004	 014	 022
004	 014	 030
004	 014	 038
004	 014	 040
004	 014	 042
004	 014	 044
004	 014	 046
004	 014	 048
004	 014	 050
004	 014	 088
004	 014	 090
004	 014	 192
004	 014	 194
004	 014	 197
004	 014	 200
004	 014	 207
004	 016	 018
004	 016	 022
004	 016	 030
004	 016	 038
004	 016	 040
004	 016	 042
004	 016	 044
004	 016	 046
004	 016	 072
004	 016	 197
004	 018	 082
004	 018	 084
004	 018	 086
004	 018	 088
004	 018	 090
004	 018	 192
004	 018	 194
004	 022	 062
004	 022	 064
004	 022	 066
004	 022	 068
004	 022	 072
004	 022	 074
004	 022	 076
004	 022	 078
004	 022	 080
004	 022	 082
004	 022	 084
004	 022	 086
004	 022	 088
004	 022	 090
004	 022	 192
004	 022	 194
004	 022	 197
004	 022	 200
004	 022	 207
004	 022	 209
004	 022	 211
004	 022	 213
004	 022	 999
004	 030	 038
004	 030	 040
004	 030	 042
004	 030	 044
004	 030	 046
004	 030	 052
004	 030	 054
004	 030	 056
004	 030	 058
004	 030	 060
004	 030	 062
004	 030	 064
004	 030	 066
004	 030	 068
004	 030	 072
004	 030	 194
004	 030	 197
004	 038	 046
004	 038	 048
004	 038	 050
004	 038	 056
004	 038	 058
004	 038	 060
004	 038	 062
004	 038	 064
004	 038	 066
004	 038	 068
004	 038	 072
004	 038	 074
004	 038	 076
004	 040	 044
004	 040	 046
004	 040	 048
004	 040	 050
004	 040	 052
004	 040	 054
004	 040	 056
004	 040	 088
004	 040	 090
004	 040	 192
004	 040	 194
004	 040	 197
004	 040	 200
004	 040	 207
004	 040	 209
004	 040	 211
004	 040	 213
004	 042	 056
004	 042	 058
004	 042	 060
004	 042	 062
004	 042	 064
004	 042	 197
004	 042	 200
004	 042	 207
004	 042	 209
004	 042	 211
004	 042	 213
004	 042	 999
004	 044	 046
004	 044	 048
004	 044	 050
004	 046	 060
004	 046	 062
004	 046	 064
004	 046	 066
004	 046	 068
004	 046	 072
004	 046	 074
004	 046	 076
004	 046	 078
004	 046	 080
004	 046	 082
004	 046	 084
004	 046	 086
004	 046	 088
004	 046	 207
004	 046	 209
004	 046	 211
004	 046	 213
004	 046	 999
004	 048	 050
004	 048	 052
004	 048	 066
004	 048	 068
004	 048	 072
004	 048	 074
004	 048	 076
004	 048	 078
004	 050	 058
004	 050	 060
004	 050	 062
004	 050	 064
004	 050	 066
004	 050	 068
004	 050	 076
004	 050	 078
004	 050	 080
004	 050	 082
004	 050	 084
004	 050	 086
004	 050	 088
004	 050	 090
004	 050	 192
004	 050	 194
004	 054	 062
004	 054	 064
004	 054	 066
004	 054	 068
004	 054	 072
004	 054	 074
004	 054	 076
004	 054	 078
004	 054	 080
004	 054	 082
004	 054	 084
004	 056	 058
004	 056	 060
004	 056	 062
004	 056	 064
004	 056	 066
004	 056	 068
004	 056	 072
004	 056	 074
004	 056	 076
004	 056	 078
004	 056	 080
004	 056	 082
004	 056	 192
004	 056	 194
004	 056	 197
004	 056	 200
004	 056	 207
004	 056	 209
004	 056	 211
004	 056	 213
004	 060	 197
004	 060	 200
004	 060	 207
004	 060	 209
004	 060	 211
004	 060	 213
004	 060	 999
004	 062	 068
004	 062	 072
004	 062	 074
004	 062	 076
004	 062	 078
004	 062	 080
004	 062	 082
004	 062	 084
004	 062	 086
004	 062	 088
004	 064	 192
004	 064	 194
004	 064	 207
004	 064	 209
004	 064	 211
004	 064	 213
004	 064	 999
004	 066	 068
004	 066	 072
004	 066	 074
004	 066	 076
004	 066	 078
004	 068	 200
004	 068	 207
004	 068	 209
004	 068	 211
004	 068	 213
004	 068	 999
004	 072	 074
004	 072	 076
004	 072	 082
004	 072	 084
004	 072	 086
004	 072	 088
004	 072	 090
004	 072	 192
004	 072	 194
004	 072	 197
004	 072	 200
004	 072	 207
004	 074	 197
004	 074	 200
004	 074	 207
004	 074	 209
004	 074	 211
004	 074	 213
004	 074	 999
004	 076	 078
004	 076	 080
004	 076	 082
004	 076	 088
004	 076	 090
004	 076	 192
004	 076	 194
004	 076	 197
004	 076	 200
004	 076	 207
004	 076	 209
004	 076	 211
004	 076	 213
004	 080	 207
004	 080	 209
004	 080	 211
004	 080	 213
004	 080	 999
004	 082	 084
004	 082	 086
004	 082	 088
004	 082	 090
004	 082	 192
004	 082	 194
004	 086	 088
004	 086	 090
004	 086	 192
004	 086	 194
004	 086	 197
004	 086	 999
004	 088	 090
004	 088	 192
004	 088	 194
004	 088	 197
004	 088	 200
004	 088	 207
004	 088	 999
004	 090	 192
004	 090	 194
004	 090	 197
004	 090	 200
004	 090	 207
004	 090	 209
004	 090	 211
004	 090	 213
004	 192	 197
004	 192	 200
004	 192	 207
004	 192	 209
004	 192	 211
004	 192	 213
004	 192	 999
004	 194	 197
004	 194	 200
004	 194	 207
008	 010	 012
008	 010	 014
008	 010	 016
008	 010	 018
008	 010	 022
008	 010	 030
008	 010	 038
008	 010	 040
008	 010	 042
008	 010	 044
008	 010	 046
008	 010	 207
008	 010	 209
008	 010	 211
008	 010	 213
008	 010	 999
008	 012	 014
008	 012	 016
008	 012	 018
008	 012	 022
008	 012	 030
008	 012	 038
008	 012	 050
008	 012	 052
008	 012	 054
008	 012	 056
008	 012	 058
008	 012	 060
008	 012	 062
008	 012	 082
008	 012	 084
008	 012	 086
008	 012	 088
008	 012	 209
008	 012	 211
008	 012	 213
008	 012	 999
008	 014	 016
008	 014	 018
008	 014	 052
008	 014	 054
008	 014	 056
008	 014	 086
008	 014	 088
008	 014	 090
008	 014	 192
008	 014	 194
008	 014	 197
008	 014	 200
008	 014	 207
008	 014	 209
008	 014	 211
008	 014	 213
008	 016	 074
008	 016	 076
008	 016	 078
008	 016	 090
008	 016	 192
008	 016	 194
008	 016	 197
008	 016	 200
008	 016	 207
008	 016	 209
008	 018	 038
008	 018	 040
008	 018	 042
008	 018	 044
008	 018	 046
008	 018	 048
008	 018	 050
008	 018	 197
008	 018	 200
008	 018	 207
008	 022	 066
008	 022	 068
008	 022	 072
008	 022	 074
008	 022	 076
008	 022	 194
008	 022	 197
008	 022	 200
008	 022	 207
008	 030	 062
008	 030	 064
008	 030	 066
008	 030	 068
008	 030	 072
008	 030	 074
008	 030	 076
008	 030	 078
008	 030	 082
008	 030	 084
008	 030	 086
008	 030	 088
008	 030	 090
008	 030	 192
008	 030	 194
008	 030	 197
008	 030	 200
008	 030	 207
008	 030	 209
008	 030	 999
008	 038	 040
008	 038	 042
008	 038	 044
008	 038	 046
008	 038	 048
008	 038	 050
008	 038	 052
008	 038	 054
008	 038	 056
008	 038	 090
008	 038	 192
008	 038	 194
008	 038	 197
008	 038	 200
008	 038	 207
008	 038	 209
008	 038	 211
008	 038	 213
008	 040	 194
008	 040	 197
008	 040	 200
008	 040	 207
008	 040	 209
008	 040	 211
008	 040	 213
008	 040	 999
008	 042	 044
008	 042	 046
008	 044	 056
008	 044	 194
008	 044	 197
008	 044	 200
008	 044	 207
008	 044	 209
008	 044	 211
008	 044	 213
008	 046	 999
008	 048	 050
008	 048	 052
008	 048	 054
008	 048	 056
008	 048	 058
008	 048	 060
008	 048	 062
008	 048	 064
008	 048	 066
008	 048	 068
008	 048	 072
008	 048	 074
008	 048	 076
008	 048	 078
008	 048	 080
008	 048	 082
008	 048	 084
008	 048	 209
008	 048	 211
008	 048	 213
008	 048	 999
008	 050	 056
008	 050	 058
008	 050	 060
008	 050	 062
008	 050	 064
008	 050	 066
008	 050	 068
008	 050	 072
008	 050	 074
008	 050	 076
008	 050	 192
008	 050	 194
008	 050	 197
008	 050	 200
008	 050	 207
008	 052	 060
008	 052	 062
008	 052	 064
008	 052	 066
008	 052	 068
008	 052	 076
008	 052	 078
008	 052	 080
008	 052	 082
008	 052	 084
008	 052	 086
008	 052	 088
008	 052	 090
008	 052	 192
008	 052	 194
008	 052	 209
008	 052	 211
008	 052	 213
008	 052	 999
008	 054	 056
008	 054	 058
008	 054	 060
008	 054	 062
008	 054	 064
008	 054	 086
008	 054	 088
008	 054	 090
008	 054	 209
008	 054	 211
008	 054	 213
008	 054	 999
008	 056	 058
008	 056	 060
008	 056	 062
008	 056	 076
008	 056	 078
008	 056	 080
008	 056	 082
008	 056	 084
008	 056	 086
008	 056	 088
008	 056	 192
008	 056	 194
008	 056	 197
008	 056	 200
008	 056	 207
008	 056	 209
008	 056	 211
008	 056	 213
008	 056	 999
008	 058	 060
008	 058	 062
008	 060	 200
008	 060	 207
008	 060	 209
008	 060	 211
008	 060	 213
008	 060	 999
008	 062	 064
008	 062	 066
008	 062	 068
008	 062	 999
008	 064	 066
008	 064	 068
008	 064	 072
008	 064	 074
008	 064	 076
008	 064	 088
008	 064	 090
008	 064	 192
008	 064	 194
008	 064	 197
008	 064	 200
008	 064	 207
008	 064	 211
008	 064	 213
008	 064	 999
008	 066	 068
008	 066	 072
008	 066	 074
008	 066	 076
008	 066	 078
008	 066	 080
008	 066	 082
008	 066	 084
008	 066	 197
008	 066	 200
008	 066	 207
008	 066	 209
008	 066	 211
008	 066	 213
008	 066	 999
008	 072	 211
008	 072	 213
008	 076	 211
008	 076	 213
008	 076	 999
008	 078	 080
008	 078	 082
008	 078	 088
008	 078	 090
008	 078	 192
008	 078	 194
008	 078	 197
008	 078	 200
008	 078	 207
008	 078	 209
008	 078	 211
008	 078	 213
008	 080	 088
008	 080	 090
008	 080	 192
008	 080	 194
008	 080	 197
008	 080	 200
008	 080	 207
008	 080	 209
008	 082	 194
008	 082	 197
008	 082	 200
008	 082	 207
008	 082	 211
008	 082	 213
008	 082	 999
008	 084	 086
008	 084	 088
008	 084	 090
008	 084	 192
008	 084	 194
008	 084	 197
008	 084	 200
008	 084	 207
008	 088	 197
008	 088	 200
008	 088	 207
008	 088	 209
008	 088	 211
008	 088	 213
008	 090	 200
008	 090	 207
008	 090	 209
008	 090	 211
008	 090	 213
008	 090	 999
008	 192	 194
008	 192	 197
008	 197	 999
008	 200	 207
008	 200	 209
008	 200	 211
008	 200	 213
008	 200	 999
010	 012	 038
010	 012	 040
010	 012	 042
010	 012	 044
010	 012	 046
010	 012	 048
010	 012	 050
010	 012	 052
010	 012	 054
010	 012	 068
010	 012	 072
010	 012	 074
010	 012	 076
010	 012	 078
010	 012	 080
010	 014	 030
010	 014	 038
010	 014	 040
010	 014	 042
010	 014	 044
010	 014	 046
010	 014	 048
010	 014	 052
010	 014	 054
010	 014	 056
010	 014	 058
010	 014	 060
010	 014	 062
010	 014	 064
010	 014	 066
010	 014	 068
010	 014	 072
010	 014	 074
010	 014	 080
010	 014	 082
010	 014	 084
010	 014	 086
010	 014	 088
010	 014	 090
010	 014	 192
010	 014	 194
010	 014	 197
010	 014	 200
010	 016	 056
010	 016	 058
010	 016	 060
010	 016	 062
010	 016	 064
010	 016	 066
010	 016	 068
010	 018	 074
010	 018	 076
010	 018	 078
010	 018	 080
010	 018	 082
010	 018	 084
010	 018	 086
010	 018	 088
010	 018	 090
010	 018	 192
010	 022	 042
010	 022	 048
010	 022	 050
010	 022	 052
010	 022	 054
010	 022	 056
010	 022	 058
010	 022	 060
010	 022	 062
010	 022	 064
010	 022	 066
010	 022	 088
010	 022	 090
010	 022	 192
010	 022	 197
010	 022	 200
010	 022	 207
010	 022	 209
010	 022	 211
010	 022	 213
010	 022	 999
010	 030	 038
010	 030	 040
010	 030	 042
010	 030	 044
010	 030	 050
010	 030	 052
010	 030	 054
010	 030	 056
010	 030	 058
010	 030	 060
010	 030	 062
010	 030	 064
010	 030	 066
010	 030	 068
010	 030	 072
010	 030	 074
010	 030	 076
010	 030	 078
010	 030	 080
010	 030	 082
010	 030	 084
010	 030	 086
010	 030	 088
010	 030	 090
010	 030	 192
010	 030	 194
010	 038	 078
010	 038	 080
010	 038	 082
010	 038	 084
010	 038	 086
010	 038	 088
010	 038	 090
010	 038	 192
010	 038	 194
010	 038	 197
010	 038	 200
010	 040	 050
010	 040	 052
010	 040	 054
010	 040	 088
010	 040	 090
010	 040	 192
010	 040	 194
010	 040	 197
010	 040	 200
010	 040	 207
010	 040	 209
010	 040	 211
010	 042	 086
010	 042	 088
010	 042	 200
010	 042	 207
010	 042	 209
010	 042	 211
010	 042	 213
010	 042	 999
010	 044	 046
010	 044	 048
010	 044	 050
010	 044	 052
010	 044	 054
010	 044	 056
010	 044	 058
010	 044	 060
010	 044	 062
010	 044	 064
010	 044	 066
010	 044	 068
010	 044	 072
010	 044	 074
010	 044	 209
010	 044	 211
010	 044	 213
010	 044	 999
010	 046	 048
010	 046	 050
010	 046	 052
010	 046	 054
010	 046	 056
010	 046	 058
010	 046	 060
010	 046	 086
010	 046	 197
010	 046	 200
010	 046	 207
010	 046	 209
010	 046	 211
010	 046	 213
010	 046	 999
010	 048	 050
010	 048	 088
010	 048	 090
010	 048	 192
010	 048	 194
010	 048	 197
010	 048	 200
010	 048	 207
010	 050	 058
010	 050	 060
010	 050	 062
010	 050	 064
010	 050	 066
010	 052	 068
010	 052	 072
010	 052	 074
010	 052	 076
010	 052	 078
010	 052	 080
010	 052	 082
010	 052	 084
010	 052	 086
010	 052	 088
010	 052	 090
010	 052	 192
010	 052	 194
010	 052	 197
010	 052	 200
010	 052	 207
010	 052	 209
010	 052	 211
010	 052	 213
010	 052	 999
010	 054	 056
010	 054	 207
010	 054	 209
010	 054	 211
010	 054	 213
010	 058	 066
010	 058	 068
010	 058	 072
010	 058	 074
010	 058	 076
010	 058	 078
010	 058	 080
010	 058	 086
010	 058	 088
010	 058	 090
010	 058	 192
010	 058	 194
010	 058	 197
010	 058	 200
010	 058	 207
010	 058	 209
010	 058	 211
010	 060	 086
010	 060	 088
010	 060	 090
010	 060	 192
010	 060	 194
010	 060	 197
010	 060	 200
010	 060	 207
010	 060	 209
010	 060	 211
010	 060	 213
010	 062	 999
010	 064	 066
010	 064	 082
010	 064	 084
010	 064	 086
010	 064	 088
010	 064	 090
010	 064	 192
010	 064	 200
010	 064	 207
010	 064	 209
010	 064	 211
010	 064	 213
010	 064	 999
010	 066	 068
010	 066	 072
010	 066	 074
010	 066	 076
010	 066	 197
010	 066	 200
010	 066	 207
010	 068	 072
010	 068	 074
010	 068	 076
010	 068	 078
010	 068	 080
010	 068	 082
010	 068	 084
010	 068	 086
010	 068	 200
010	 068	 207
010	 068	 209
010	 068	 211
010	 068	 213
010	 068	 999
010	 072	 074
010	 072	 200
010	 074	 197
010	 074	 200
010	 074	 207
010	 074	 209
010	 074	 211
010	 074	 213
010	 074	 999
010	 076	 078
010	 076	 080
010	 076	 192
010	 076	 194
010	 076	 197
010	 076	 200
010	 076	 207
010	 076	 209
010	 076	 211
010	 078	 211
010	 078	 213
010	 078	 999
010	 080	 082
010	 080	 084
010	 080	 086
010	 080	 088
010	 080	 090
010	 080	 192
010	 080	 194
010	 082	 200
010	 082	 207
010	 082	 209
010	 082	 211
010	 082	 213
010	 082	 999
010	 084	 086
010	 084	 088
010	 084	 090
010	 084	 192
010	 084	 999
010	 086	 088
010	 086	 090
010	 086	 192
010	 086	 194
010	 088	 213
010	 088	 999
010	 090	 192
010	 090	 194
010	 090	 197
010	 090	 200
010	 090	 207
010	 090	 209
010	 090	 211
010	 192	 200
010	 192	 207
010	 192	 209
010	 192	 211
010	 192	 213
010	 192	 999
010	 194	 197
010	 194	 200
012	 014	 088
012	 014	 090
012	 014	 192
012	 014	 194
012	 014	 197
012	 014	 200
012	 016	 054
012	 016	 056
012	 016	 058
012	 016	 060
012	 016	 062
012	 016	 064
012	 016	 066
012	 016	 068
012	 018	 052
012	 018	 054
012	 018	 056
012	 018	 058
012	 018	 060
012	 018	 062
012	 018	 064
012	 018	 066
012	 022	 054
012	 022	 056
012	 022	 058
012	 022	 060
012	 022	 062
012	 022	 064
012	 022	 066
012	 030	 082
012	 030	 084
012	 030	 086
012	 030	 088
012	 030	 090
012	 030	 192
012	 030	 194
012	 038	 040
012	 038	 042
012	 038	 044
012	 038	 046
012	 038	 048
012	 038	 080
012	 038	 082
012	 038	 084
012	 038	 086
012	 038	 088
012	 038	 090
012	 038	 192
012	 038	 194
012	 038	 197
012	 038	 200
012	 038	 209
012	 038	 211
012	 038	 213
012	 038	 999
012	 040	 042
012	 040	 044
012	 040	 046
012	 040	 048
012	 040	 050
012	 040	 052
012	 040	 054
012	 040	 068
012	 040	 072
012	 040	 074
012	 040	 076
012	 040	 078
012	 040	 080
012	 040	 090
012	 040	 192
012	 040	 194
012	 040	 197
012	 040	 200
012	 040	 207
012	 040	 209
012	 040	 211
012	 042	 046
012	 042	 048
012	 042	 050
012	 042	 052
012	 042	 054
012	 042	 056
012	 042	 058
012	 042	 060
012	 042	 062
012	 042	 078
012	 042	 080
012	 042	 082
012	 042	 084
012	 042	 086
012	 042	 088
012	 044	 054
012	 044	 056
012	 044	 058
012	 044	 060
012	 044	 062
012	 044	 064
012	 044	 066
012	 044	 068
012	 044	 072
012	 044	 074
012	 044	 211
012	 044	 213
012	 044	 999
012	 046	 048
012	 046	 050
012	 046	 052
012	 046	 054
012	 046	 056
012	 046	 058
012	 046	 060
012	 046	 194
012	 046	 197
012	 046	 200
012	 046	 207
012	 046	 209
012	 046	 211
012	 046	 213
012	 046	 999
012	 048	 050
012	 048	 082
012	 048	 084
012	 048	 086
012	 048	 088
012	 048	 090
012	 048	 192
012	 048	 194
012	 048	 197
012	 048	 200
012	 048	 207
012	 048	 211
012	 048	 213
012	 048	 999
012	 050	 052
012	 050	 054
012	 050	 056
012	 050	 058
012	 050	 060
012	 050	 062
012	 050	 064
012	 050	 066
012	 050	 999
012	 052	 054
012	 052	 056
012	 052	 058
012	 052	 060
012	 052	 090
012	 052	 192
012	 052	 194
012	 052	 197
012	 052	 200
012	 052	 207
012	 052	 209
012	 052	 211
012	 052	 213
012	 052	 999
012	 054	 056
012	 054	 088
012	 054	 090
012	 054	 192
012	 054	 194
012	 054	 197
012	 054	 200
012	 054	 207
012	 054	 209
012	 054	 211
012	 054	 213
012	 056	 068
012	 056	 072
012	 056	 074
012	 056	 076
012	 056	 078
012	 056	 080
012	 058	 076
012	 058	 078
012	 058	 080
012	 058	 194
012	 058	 197
012	 058	 200
012	 058	 207
012	 058	 209
012	 058	 211
012	 060	 078
012	 060	 080
012	 060	 082
012	 060	 207
012	 060	 209
012	 060	 211
012	 060	 213
012	 064	 088
012	 064	 090
012	 064	 192
012	 064	 213
012	 064	 999
012	 066	 068
012	 066	 072
012	 066	 074
012	 066	 076
012	 072	 090
012	 072	 192
012	 072	 194
012	 072	 197
012	 072	 200
012	 074	 090
012	 074	 192
012	 074	 194
012	 074	 197
012	 074	 200
012	 074	 207
012	 074	 209
012	 074	 211
012	 074	 213
012	 074	 999
012	 076	 078
012	 076	 080
012	 078	 080
012	 078	 082
012	 078	 084
012	 078	 086
012	 078	 088
012	 078	 090
012	 078	 192
012	 078	 194
012	 078	 197
012	 078	 200
012	 078	 209
012	 078	 211
012	 078	 213
012	 078	 999
012	 080	 082
012	 080	 084
012	 080	 086
012	 080	 088
012	 080	 090
012	 080	 192
012	 080	 194
012	 082	 999
012	 084	 086
012	 084	 088
012	 084	 090
012	 084	 192
012	 084	 209
012	 084	 211
012	 084	 213
012	 084	 999
012	 086	 088
012	 086	 090
012	 086	 192
012	 086	 194
012	 088	 200
012	 088	 999
012	 090	 192
012	 090	 194
012	 090	 197
012	 090	 200
012	 090	 207
012	 090	 209
012	 090	 211
012	 200	 213
012	 200	 999
012	 207	 209
012	 207	 211
012	 207	 213
012	 207	 999
012	 209	 211
012	 209	 213
012	 209	 999
012	 211	 213
012	 213	 999
014	 016	 018
014	 016	 022
014	 016	 030
014	 016	 038
014	 016	 040
014	 016	 042
014	 016	 044
014	 016	 046
014	 016	 048
014	 016	 050
014	 016	 068
014	 016	 072
014	 016	 074
014	 016	 076
014	 016	 090
014	 016	 192
014	 016	 194
014	 016	 197
014	 016	 200
014	 016	 207
014	 018	 044
014	 018	 046
014	 018	 048
014	 018	 192
014	 018	 194
014	 018	 197
014	 018	 200
014	 022	 042
014	 022	 044
014	 022	 046
014	 022	 048
014	 022	 056
014	 022	 058
014	 022	 060
014	 022	 062
014	 022	 064
014	 022	 066
014	 022	 068
014	 022	 072
014	 022	 074
014	 022	 194
014	 022	 197
014	 022	 200
014	 030	 038
014	 030	 040
014	 030	 042
014	 030	 044
014	 030	 046
014	 030	 048
014	 030	 050
014	 030	 072
014	 030	 074
014	 030	 076
014	 030	 211
014	 030	 213
014	 030	 999
014	 038	 040
014	 038	 042
014	 038	 044
014	 038	 046
014	 038	 048
014	 038	 050
014	 038	 052
014	 038	 054
014	 038	 074
014	 038	 076
014	 038	 078
014	 038	 080
014	 038	 194
014	 038	 197
014	 038	 200
014	 038	 207
014	 038	 209
014	 038	 211
014	 040	 042
014	 040	 044
014	 040	 046
014	 040	 048
014	 040	 050
014	 040	 052
014	 040	 054
014	 040	 056
014	 040	 058
014	 040	 060
014	 042	 046
014	 042	 048
014	 042	 050
014	 042	 052
014	 042	 054
014	 042	 056
014	 042	 058
014	 042	 060
014	 042	 062
014	 042	 064
014	 042	 066
014	 042	 068
014	 042	 076
014	 042	 078
014	 042	 080
014	 042	 082
014	 042	 084
014	 042	 086
014	 042	 088
014	 042	 090
014	 042	 192
014	 042	 194
014	 042	 200
014	 042	 207
014	 042	 209
014	 042	 211
014	 042	 213
014	 042	 999
014	 044	 046
014	 044	 048
014	 044	 050
014	 044	 052
014	 044	 054
014	 044	 060
014	 044	 062
014	 044	 064
014	 044	 066
014	 044	 068
014	 044	 072
014	 044	 074
014	 044	 076
014	 044	 078
014	 044	 080
014	 046	 050
014	 046	 052
014	 046	 054
014	 046	 056
014	 046	 058
014	 046	 060
014	 046	 062
014	 046	 064
014	 046	 066
014	 046	 209
014	 046	 211
014	 046	 213
014	 046	 999
014	 048	 050
014	 048	 052
014	 048	 054
014	 048	 056
014	 048	 197
014	 048	 200
014	 048	 207
014	 048	 209
014	 048	 211
014	 048	 213
014	 050	 084
014	 050	 086
014	 050	 088
014	 050	 090
014	 050	 192
014	 050	 194
014	 050	 197
014	 050	 200
014	 050	 213
014	 050	 999
014	 052	 054
014	 052	 056
014	 052	 058
014	 052	 060
014	 052	 062
014	 052	 064
014	 052	 066
014	 054	 194
014	 054	 197
014	 054	 200
014	 054	 207
014	 054	 209
014	 054	 211
014	 054	 213
014	 054	 999
014	 056	 058
014	 056	 060
014	 056	 192
014	 056	 194
014	 056	 197
014	 056	 200
014	 056	 207
014	 056	 209
014	 056	 211
014	 056	 213
014	 056	 999
014	 058	 060
014	 058	 080
014	 058	 082
014	 058	 084
014	 058	 086
014	 060	 072
014	 060	 074
014	 060	 076
014	 060	 078
014	 060	 080
014	 060	 082
014	 060	 084
014	 060	 086
014	 060	 088
014	 060	 207
014	 060	 209
014	 060	 211
014	 060	 213
014	 060	 999
014	 062	 064
014	 062	 066
014	 064	 072
014	 064	 074
014	 064	 078
014	 064	 080
014	 064	 082
014	 064	 084
014	 064	 086
014	 064	 088
014	 064	 090
014	 064	 192
014	 064	 194
014	 064	 197
014	 064	 200
014	 066	 197
014	 066	 200
014	 066	 207
014	 066	 209
014	 066	 211
014	 066	 213
014	 068	 084
014	 068	 086
014	 068	 088
014	 068	 090
014	 068	 192
014	 072	 080
014	 074	 090
014	 074	 192
014	 074	 194
014	 074	 200
014	 074	 207
014	 074	 209
014	 074	 211
014	 074	 213
014	 074	 999
014	 076	 078
014	 076	 080
014	 076	 082
014	 076	 084
014	 076	 086
014	 078	 082
014	 078	 084
014	 078	 086
014	 078	 088
014	 078	 090
014	 078	 192
014	 078	 194
014	 078	 197
014	 078	 200
014	 078	 207
014	 078	 209
014	 078	 211
014	 080	 086
014	 080	 088
014	 080	 090
014	 080	 192
014	 080	 194
014	 080	 197
014	 080	 200
014	 080	 207
014	 080	 213
014	 080	 999
014	 082	 084
014	 082	 086
014	 082	 088
014	 082	 090
014	 082	 192
014	 082	 194
014	 082	 197
014	 082	 200
014	 082	 209
014	 082	 211
014	 082	 213
014	 082	 999
014	 084	 086
014	 084	 088
014	 084	 090
014	 084	 192
014	 084	 194
014	 084	 197
014	 084	 200
014	 086	 192
014	 086	 194
014	 086	 197
014	 086	 200
014	 086	 207
014	 090	 999
014	 192	 194
014	 192	 209
014	 192	 211
014	 192	 213
014	 192	 999
014	 194	 197
014	 194	 200
014	 194	 207
014	 194	 209
014	 194	 211
014	 207	 211
014	 207	 213
014	 207	 999
014	 209	 211
014	 209	 213
014	 209	 999
014	 211	 213
014	 211	 999
014	 213	 999
016	 018	 022
016	 018	 076
016	 018	 078
016	 018	 080
016	 018	 082
016	 018	 084
016	 018	 213
016	 018	 999
016	 030	 080
016	 030	 082
016	 030	 084
016	 030	 086
016	 030	 207
016	 030	 209
016	 030	 211
016	 030	 213
016	 030	 999
016	 038	 040
016	 038	 046
016	 038	 048
016	 038	 050
016	 038	 052
016	 038	 054
016	 038	 056
016	 038	 058
016	 038	 060
016	 038	 062
016	 038	 064
016	 040	 078
016	 040	 080
016	 040	 082
016	 040	 084
016	 040	 086
016	 040	 088
016	 040	 090
016	 040	 192
016	 040	 194
016	 040	 197
016	 042	 068
016	 042	 072
016	 042	 074
016	 042	 076
016	 042	 078
016	 042	 080
016	 042	 192
016	 042	 194
016	 042	 197
016	 042	 200
016	 042	 207
016	 042	 209
016	 042	 211
016	 046	 088
016	 046	 090
016	 046	 192
016	 046	 194
016	 046	 197
016	 046	 200
016	 046	 207
016	 046	 209
016	 048	 192
016	 048	 197
016	 048	 200
016	 048	 207
016	 048	 209
016	 048	 211
016	 048	 213
016	 048	 999
016	 050	 052
016	 050	 054
016	 050	 056
016	 050	 058
016	 050	 072
016	 050	 074
016	 050	 076
016	 050	 078
016	 050	 080
016	 050	 082
016	 050	 084
016	 052	 054
016	 052	 056
016	 052	 058
016	 052	 060
016	 052	 062
016	 052	 064
016	 052	 066
016	 052	 068
016	 052	 072
016	 052	 074
016	 052	 076
016	 052	 078
016	 056	 060
016	 056	 062
016	 056	 064
016	 056	 066
016	 056	 068
016	 056	 072
016	 056	 213
016	 056	 999
016	 058	 060
016	 058	 062
016	 058	 064
016	 058	 066
016	 058	 068
016	 058	 072
016	 058	 074
016	 058	 076
016	 058	 078
016	 058	 080
016	 058	 082
016	 058	 084
016	 058	 086
016	 058	 088
016	 058	 090
016	 058	 192
016	 058	 194
016	 058	 197
016	 062	 200
016	 062	 207
016	 062	 209
016	 066	 213
016	 066	 999
016	 068	 072
016	 068	 074
016	 068	 076
016	 068	 078
016	 068	 086
016	 068	 088
016	 068	 090
016	 068	 192
016	 068	 194
016	 068	 197
016	 068	 200
016	 068	 207
016	 068	 209
016	 072	 078
016	 072	 080
016	 072	 082
016	 072	 084
016	 072	 086
016	 072	 088
016	 072	 090
016	 078	 197
016	 078	 200
016	 078	 207
016	 078	 209
016	 078	 211
016	 078	 213
016	 078	 999
016	 080	 082
016	 080	 084
016	 080	 086
016	 082	 209
016	 082	 211
016	 082	 213
016	 082	 999
016	 084	 197
016	 084	 200
016	 084	 207
016	 084	 209
016	 084	 211
016	 084	 213
016	 084	 999
016	 088	 213
016	 088	 999
016	 090	 192
016	 090	 194
016	 090	 197
016	 194	 213
016	 194	 999
016	 197	 200
016	 197	 207
016	 197	 209
016	 207	 999
018	 022	 046
018	 022	 058
018	 022	 060
018	 022	 062
018	 022	 064
018	 022	 066
018	 022	 068
018	 022	 072
018	 022	 999
018	 030	 038
018	 030	 040
018	 030	 042
018	 030	 044
018	 030	 046
018	 030	 048
018	 038	 050
018	 038	 052
018	 038	 058
018	 038	 060
018	 038	 062
018	 038	 064
018	 038	 066
018	 038	 068
018	 038	 072
018	 038	 074
018	 038	 076
018	 038	 078
018	 038	 084
018	 038	 086
018	 038	 088
018	 038	 090
018	 038	 192
018	 038	 194
018	 038	 197
018	 038	 200
018	 038	 207
018	 038	 209
018	 040	 064
018	 040	 066
018	 040	 068
018	 040	 072
018	 040	 074
018	 040	 076
018	 040	 078
018	 040	 080
018	 040	 082
018	 040	 084
018	 042	 060
018	 042	 062
018	 042	 064
018	 042	 066
018	 042	 090
018	 042	 192
018	 042	 200
018	 042	 207
018	 042	 209
018	 042	 211
018	 042	 213
018	 042	 999
018	 044	 046
018	 044	 048
018	 044	 050
018	 044	 052
018	 044	 076
018	 044	 078
018	 044	 084
018	 044	 086
018	 044	 088
018	 044	 090
018	 044	 192
018	 044	 194
018	 044	 197
018	 044	 200
018	 044	 207
018	 044	 209
018	 046	 078
018	 046	 080
018	 046	 082
018	 046	 084
018	 046	 086
018	 046	 088
018	 046	 090
018	 048	 068
018	 048	 072
018	 048	 074
018	 048	 076
018	 048	 078
018	 048	 080
018	 050	 062
018	 050	 064
018	 050	 066
018	 050	 068
018	 050	 072
018	 050	 078
018	 050	 080
018	 050	 082
018	 050	 084
018	 050	 086
018	 050	 088
018	 050	 090
018	 050	 192
018	 050	 194
018	 050	 197
018	 052	 062
018	 052	 064
018	 056	 078
018	 056	 080
018	 056	 082
018	 056	 084
018	 058	 086
018	 058	 088
018	 058	 090
018	 058	 192
018	 058	 194
018	 058	 197
018	 058	 200
018	 058	 207
018	 058	 209
018	 058	 211
018	 058	 213
018	 058	 999
018	 060	 064
018	 060	 066
018	 060	 068
018	 060	 072
018	 060	 074
018	 060	 076
018	 060	 078
018	 060	 080
018	 060	 082
018	 060	 084
018	 060	 086
018	 060	 192
018	 060	 194
018	 060	 197
018	 060	 200
018	 060	 207
018	 060	 209
018	 060	 211
018	 060	 213
018	 060	 999
018	 062	 064
018	 062	 066
018	 062	 068
018	 062	 072
018	 062	 074
018	 062	 076
018	 062	 078
018	 062	 080
018	 062	 082
018	 062	 084
018	 062	 086
018	 062	 088
018	 062	 090
018	 062	 194
018	 062	 197
018	 062	 200
018	 062	 207
018	 062	 209
018	 062	 211
018	 062	 213
018	 062	 999
018	 064	 066
018	 064	 068
018	 064	 072
018	 064	 084
018	 064	 086
018	 064	 088
018	 064	 090
018	 064	 192
018	 064	 194
018	 064	 197
018	 064	 213
018	 064	 999
018	 066	 068
018	 066	 072
018	 066	 074
018	 066	 076
018	 066	 078
018	 066	 080
018	 066	 086
018	 066	 088
018	 066	 090
018	 066	 192
018	 066	 194
018	 066	 197
018	 066	 200
018	 066	 207
018	 066	 209
018	 066	 211
018	 068	 074
018	 068	 076
018	 068	 078
018	 068	 080
018	 068	 082
018	 068	 084
018	 068	 086
018	 068	 088
018	 068	 090
018	 068	 213
018	 068	 999
018	 072	 074
018	 072	 076
018	 072	 078
018	 072	 082
018	 072	 084
018	 072	 086
018	 072	 088
018	 072	 090
018	 072	 192
018	 072	 194
018	 072	 197
018	 072	 200
018	 072	 207
018	 072	 209
018	 076	 090
018	 076	 192
018	 076	 194
018	 076	 197
018	 076	 200
018	 076	 207
018	 076	 209
018	 076	 211
018	 076	 213
018	 076	 999
018	 080	 213
018	 080	 999
018	 082	 084
018	 082	 086
018	 082	 088
018	 082	 090
018	 082	 192
018	 082	 194
018	 082	 197
018	 082	 209
018	 082	 211
018	 082	 213
018	 082	 999
018	 084	 086
018	 084	 088
018	 084	 090
018	 084	 192
018	 084	 194
018	 084	 197
018	 090	 200
018	 090	 207
018	 090	 209
018	 090	 211
018	 090	 213
018	 090	 999
018	 200	 209
018	 200	 211
022	 030	 068
022	 030	 072
022	 030	 074
022	 030	 076
022	 030	 078
022	 030	 080
022	 030	 082
022	 030	 084
022	 030	 086
022	 038	 046
022	 038	 048
022	 038	 050
022	 038	 052
022	 038	 054
022	 038	 056
022	 038	 058
022	 038	 060
022	 038	 062
022	 038	 064
022	 038	 078
022	 038	 080
022	 038	 082
022	 038	 084
022	 038	 086
022	 038	 088
022	 038	 090
022	 040	 046
022	 040	 062
022	 040	 064
022	 040	 066
022	 040	 068
022	 040	 072
022	 042	 044
022	 042	 046
022	 042	 048
022	 042	 050
022	 042	 052
022	 042	 054
022	 042	 062
022	 042	 064
022	 042	 066
022	 042	 068
022	 042	 072
022	 042	 074
022	 042	 076
022	 042	 078
022	 042	 080
022	 042	 200
022	 042	 207
022	 042	 209
022	 042	 211
022	 044	 076
022	 044	 078
022	 044	 080
022	 044	 082
022	 044	 084
022	 044	 086
022	 044	 088
022	 044	 090
022	 044	 194
022	 044	 197
022	 044	 200
022	 044	 207
022	 044	 209
022	 044	 211
022	 044	 213
022	 044	 999
022	 046	 048
022	 046	 050
022	 046	 052
022	 046	 090
022	 046	 192
022	 046	 194
022	 046	 197
022	 046	 200
022	 046	 207
022	 046	 209
022	 046	 213
022	 046	 999
022	 048	 050
022	 048	 052
022	 048	 054
022	 048	 056
022	 048	 058
022	 048	 060
022	 048	 062
022	 048	 064
022	 048	 066
022	 048	 084
022	 048	 086
022	 048	 088
022	 048	 090
022	 048	 192
022	 048	 213
022	 048	 999
022	 050	 052
022	 050	 054
022	 050	 056
022	 050	 058
022	 050	 080
022	 050	 082
022	 050	 084
022	 050	 086
022	 050	 088
022	 050	 090
022	 050	 192
022	 050	 194
022	 050	 197
022	 050	 200
022	 050	 207
022	 050	 209
022	 050	 211
022	 050	 213
022	 050	 999
022	 052	 072
022	 052	 074
022	 052	 076
022	 052	 078
022	 054	 056
022	 054	 058
022	 054	 060
022	 054	 062
022	 054	 064
022	 054	 066
022	 054	 068
022	 054	 072
022	 054	 074
022	 054	 200
022	 056	 058
022	 056	 060
022	 056	 062
022	 056	 064
022	 056	 066
022	 056	 068
022	 056	 072
022	 056	 076
022	 056	 078
022	 056	 080
022	 056	 082
022	 056	 084
022	 056	 086
022	 056	 088
022	 056	 090
022	 056	 192
022	 056	 194
022	 056	 197
022	 056	 211
022	 056	 213
022	 056	 999
022	 058	 060
022	 058	 062
022	 058	 064
022	 058	 066
022	 058	 068
022	 058	 072
022	 058	 192
022	 058	 194
022	 058	 197
022	 060	 074
022	 062	 064
022	 062	 066
022	 062	 068
022	 062	 072
022	 062	 074
022	 062	 076
022	 062	 078
022	 062	 194
022	 062	 197
022	 062	 200
022	 062	 207
022	 062	 209
022	 064	 074
022	 064	 076
022	 064	 078
022	 064	 080
022	 064	 082
022	 064	 084
022	 072	 209
022	 072	 211
022	 072	 213
022	 072	 999
022	 074	 076
022	 074	 078
022	 074	 080
022	 076	 082
022	 076	 084
022	 076	 086
022	 076	 088
022	 076	 090
022	 076	 192
022	 076	 194
022	 076	 197
022	 080	 086
022	 082	 192
022	 082	 194
022	 082	 197
022	 082	 200
022	 082	 207
022	 082	 209
022	 082	 211
022	 082	 213
022	 082	 999
022	 084	 200
022	 084	 207
022	 084	 209
022	 084	 211
022	 084	 213
022	 084	 999
022	 088	 207
022	 088	 209
022	 088	 211
022	 088	 213
022	 088	 999
022	 090	 192
022	 090	 194
022	 090	 197
022	 090	 209
022	 090	 211
022	 090	 213
022	 090	 999
022	 192	 194
022	 192	 197
022	 192	 200
022	 192	 207
022	 192	 209
022	 192	 211
022	 194	 999
022	 197	 200
022	 197	 207
022	 197	 209
022	 200	 209
022	 200	 211
022	 200	 213
022	 200	 999
022	 207	 209
022	 207	 211
022	 207	 213
022	 207	 999
022	 213	 999
030	 038	 040
030	 038	 042
030	 038	 044
030	 038	 046
030	 038	 048
030	 038	 050
030	 038	 056
030	 038	 058
030	 038	 060
030	 038	 062
030	 038	 064
030	 038	 066
030	 038	 068
030	 038	 072
030	 038	 074
030	 038	 076
030	 038	 082
030	 038	 084
030	 038	 086
030	 038	 088
030	 038	 090
030	 038	 192
030	 038	 194
030	 038	 197
030	 038	 200
030	 038	 207
030	 038	 211
030	 038	 213
030	 038	 999
030	 040	 042
030	 040	 044
030	 040	 046
030	 040	 048
030	 040	 050
030	 040	 052
030	 040	 054
030	 040	 056
030	 040	 064
030	 040	 066
030	 040	 068
030	 040	 072
030	 040	 074
030	 040	 076
030	 040	 078
030	 040	 080
030	 040	 082
030	 040	 088
030	 040	 090
030	 040	 192
030	 040	 194
030	 040	 197
030	 040	 200
030	 040	 207
030	 040	 209
030	 040	 211
030	 040	 213
030	 042	 046
030	 042	 048
030	 042	 050
030	 042	 052
030	 042	 054
030	 042	 056
030	 042	 058
030	 042	 060
030	 042	 062
030	 042	 064
030	 042	 076
030	 042	 078
030	 042	 080
030	 042	 082
030	 042	 084
030	 042	 086
030	 042	 088
030	 042	 090
030	 044	 207
030	 044	 213
030	 044	 999
030	 046	 048
030	 046	 050
030	 046	 052
030	 046	 054
030	 046	 056
030	 046	 058
030	 046	 060
030	 046	 062
030	 046	 207
030	 046	 209
030	 046	 211
030	 046	 213
030	 046	 999
030	 048	 050
030	 048	 052
030	 050	 074
030	 050	 076
030	 050	 078
030	 050	 080
030	 050	 082
030	 050	 084
030	 050	 086
030	 050	 088
030	 050	 090
030	 050	 192
030	 050	 194
030	 054	 211
030	 054	 213
030	 054	 999
030	 056	 080
030	 056	 082
030	 058	 064
030	 058	 066
030	 058	 068
030	 058	 072
030	 058	 074
030	 058	 076
030	 058	 078
030	 058	 080
030	 058	 082
030	 058	 088
030	 058	 090
030	 058	 192
030	 058	 194
030	 058	 197
030	 058	 200
030	 058	 207
030	 058	 209
030	 058	 211
030	 058	 213
030	 060	 080
030	 060	 082
030	 060	 084
030	 062	 200
030	 062	 207
030	 062	 209
030	 062	 211
030	 062	 213
030	 062	 999
030	 064	 066
030	 064	 068
030	 064	 090
030	 064	 192
030	 064	 194
030	 064	 999
030	 066	 068
030	 066	 072
030	 066	 074
030	 066	 076
030	 066	 078
030	 066	 088
030	 066	 090
030	 066	 192
030	 066	 194
030	 066	 197
030	 066	 200
030	 066	 207
030	 066	 209
030	 068	 078
030	 068	 080
030	 068	 082
030	 068	 084
030	 068	 086
030	 068	 088
030	 072	 082
030	 072	 084
030	 072	 086
030	 072	 088
030	 072	 090
030	 072	 192
030	 072	 194
030	 072	 197
030	 072	 200
030	 072	 207
030	 074	 090
030	 078	 080
030	 078	 082
030	 078	 084
030	 078	 086
030	 078	 088
030	 078	 090
030	 078	 192
030	 078	 194
030	 078	 197
030	 078	 200
030	 078	 207
030	 084	 200
030	 084	 207
030	 084	 209
030	 084	 211
030	 084	 213
030	 084	 999
030	 086	 088
030	 086	 090
030	 086	 192
030	 086	 194
030	 086	 197
030	 088	 197
030	 088	 200
030	 088	 207
030	 197	 213
030	 197	 999
030	 200	 207
030	 200	 209
030	 207	 211
030	 207	 213
030	 207	 999
030	 209	 211
030	 209	 213
030	 209	 999
030	 211	 213
030	 211	 999
030	 213	 999
038	 040	 042
038	 040	 044
038	 040	 046
038	 040	 048
038	 040	 050
038	 040	 052
038	 040	 054
038	 040	 056
038	 040	 058
038	 040	 060
038	 040	 062
038	 042	 054
038	 042	 056
038	 042	 058
038	 042	 060
038	 042	 062
038	 042	 064
038	 042	 066
038	 042	 068
038	 042	 072
038	 044	 194
038	 044	 197
038	 044	 200
038	 044	 207
038	 044	 209
038	 044	 211
038	 044	 213
038	 046	 062
038	 046	 064
038	 046	 066
038	 046	 068
038	 048	 082
038	 048	 084
038	 048	 086
038	 048	 088
038	 048	 090
038	 048	 192
038	 048	 194
038	 048	 197
038	 048	 200
038	 048	 207
038	 048	 209
038	 048	 211
038	 048	 213
038	 048	 999
038	 052	 082
038	 052	 084
038	 052	 086
038	 052	 088
038	 052	 090
038	 052	 192
038	 052	 194
038	 054	 068
038	 054	 072
038	 054	 074
038	 054	 076
038	 054	 078
038	 054	 080
038	 054	 082
038	 054	 084
038	 054	 086
038	 054	 088
038	 054	 090
038	 054	 192
038	 054	 194
038	 054	 197
038	 054	 200
038	 054	 207
038	 054	 209
038	 054	 211
038	 054	 213
038	 054	 999
038	 056	 058
038	 056	 060
038	 056	 062
038	 056	 209
038	 056	 211
038	 056	 213
038	 056	 999
038	 058	 060
038	 058	 062
038	 058	 200
038	 058	 207
038	 058	 209
038	 058	 211
038	 058	 213
038	 058	 999
038	 060	 062
038	 060	 064
038	 062	 194
038	 062	 209
038	 062	 211
038	 062	 213
038	 062	 999
038	 064	 066
038	 064	 068
038	 064	 072
038	 064	 074
038	 064	 076
038	 066	 074
038	 066	 076
038	 066	 078
038	 066	 080
038	 066	 082
038	 066	 084
038	 066	 090
038	 066	 192
038	 066	 194
038	 066	 197
038	 066	 200
038	 066	 207
038	 066	 209
038	 066	 211
038	 066	 213
038	 066	 999
038	 068	 074
038	 068	 076
038	 068	 078
038	 068	 080
038	 068	 082
038	 068	 084
038	 068	 086
038	 068	 088
038	 068	 090
038	 068	 192
038	 068	 194
038	 072	 200
038	 072	 207
038	 072	 209
038	 072	 211
038	 072	 213
038	 074	 194
038	 074	 197
038	 074	 211
038	 074	 213
038	 074	 999
038	 076	 078
038	 076	 080
038	 076	 082
038	 076	 084
038	 076	 086
038	 076	 088
038	 080	 192
038	 080	 194
038	 080	 197
038	 080	 200
038	 080	 207
038	 080	 209
038	 088	 213
038	 192	 200
038	 192	 207
038	 192	 209
038	 192	 211
038	 192	 213
038	 192	 999
038	 194	 197
038	 194	 200
038	 194	 207
038	 194	 209
038	 194	 211
038	 194	 213
038	 197	 211
038	 197	 213
038	 197	 999
038	 200	 207
038	 200	 209
038	 200	 211
038	 200	 213
038	 200	 999
038	 211	 213
038	 211	 999
038	 213	 999
040	 042	 044
040	 042	 046
040	 042	 054
040	 042	 056
040	 042	 058
040	 042	 060
040	 042	 062
040	 042	 064
040	 042	 066
040	 042	 068
040	 042	 072
040	 042	 999
040	 044	 046
040	 044	 048
040	 044	 050
040	 044	 052
040	 044	 054
040	 044	 056
040	 044	 066
040	 044	 068
040	 044	 072
040	 044	 074
040	 044	 076
040	 044	 078
040	 044	 080
040	 044	 082
040	 044	 213
040	 046	 084
040	 046	 086
040	 046	 088
040	 046	 090
040	 046	 192
040	 046	 194
040	 048	 086
040	 048	 088
040	 048	 090
040	 048	 192
040	 048	 194
040	 048	 197
040	 048	 200
040	 048	 207
040	 048	 209
040	 048	 211
040	 048	 213
040	 048	 999
040	 050	 088
040	 050	 090
040	 050	 192
040	 050	 194
040	 050	 197
040	 050	 200
040	 050	 207
040	 052	 054
040	 052	 056
040	 052	 058
040	 052	 060
040	 052	 062
040	 052	 064
040	 052	 066
040	 052	 068
040	 052	 078
040	 052	 080
040	 052	 082
040	 052	 084
040	 052	 086
040	 052	 088
040	 052	 090
040	 052	 192
040	 052	 194
040	 054	 082
040	 054	 084
040	 054	 086
040	 054	 088
040	 054	 090
040	 054	 200
040	 054	 207
040	 054	 209
040	 054	 211
040	 054	 213
040	 054	 999
040	 056	 058
040	 056	 060
040	 056	 062
040	 056	 088
040	 056	 194
040	 056	 197
040	 056	 200
040	 056	 207
040	 056	 209
040	 056	 211
040	 056	 213
040	 056	 999
040	 058	 060
040	 058	 062
040	 058	 200
040	 058	 207
040	 058	 209
040	 058	 211
040	 058	 213
040	 058	 999
040	 060	 062
040	 060	 064
040	 060	 192
040	 060	 194
040	 060	 197
040	 060	 200
040	 060	 207
040	 060	 209
040	 060	 211
040	 060	 213
040	 060	 999
040	 062	 064
040	 062	 066
040	 062	 068
040	 064	 076
040	 064	 207
040	 066	 209
040	 066	 211
040	 066	 213
040	 066	 999
040	 072	 082
040	 072	 209
040	 072	 211
040	 072	 213
040	 076	 080
040	 076	 082
040	 076	 084
040	 076	 086
040	 076	 088
040	 078	 200
040	 078	 207
040	 078	 209
040	 078	 211
040	 078	 213
040	 084	 211
040	 084	 213
040	 084	 999
040	 086	 088
040	 086	 090
040	 086	 192
040	 086	 194
040	 086	 197
040	 086	 200
040	 086	 207
040	 086	 209
040	 088	 194
040	 088	 197
040	 088	 200
040	 088	 207
040	 088	 209
040	 088	 211
040	 088	 213
040	 200	 211
040	 200	 213
040	 200	 999
042	 044	 194
042	 044	 197
042	 044	 200
042	 046	 048
042	 046	 050
042	 046	 052
042	 046	 054
042	 046	 056
042	 046	 058
042	 046	 060
042	 046	 090
042	 046	 192
042	 046	 194
042	 046	 197
042	 046	 200
042	 046	 207
042	 046	 209
042	 046	 211
042	 046	 213
042	 046	 999
042	 048	 050
042	 048	 060
042	 048	 062
042	 048	 064
042	 048	 066
042	 048	 068
042	 048	 072
042	 048	 074
042	 048	 076
042	 048	 082
042	 048	 084
042	 048	 086
042	 048	 088
042	 048	 090
042	 048	 192
042	 048	 194
042	 048	 197
042	 048	 200
042	 048	 207
042	 050	 056
042	 050	 058
042	 050	 060
042	 050	 062
042	 050	 064
042	 050	 066
042	 052	 068
042	 052	 072
042	 052	 074
042	 052	 076
042	 052	 078
042	 052	 080
042	 052	 082
042	 052	 084
042	 052	 086
042	 054	 086
042	 054	 088
042	 054	 090
042	 054	 192
042	 054	 194
042	 054	 197
042	 054	 200
042	 054	 207
042	 054	 209
042	 054	 211
042	 054	 213
042	 056	 084
042	 056	 086
042	 056	 088
042	 056	 090
042	 056	 192
042	 056	 194
042	 056	 197
042	 056	 200
042	 056	 207
042	 056	 209
042	 056	 211
042	 058	 068
042	 058	 072
042	 058	 074
042	 058	 076
042	 058	 078
042	 058	 080
042	 060	 082
042	 062	 192
042	 062	 194
042	 062	 197
042	 062	 200
042	 062	 207
042	 062	 209
042	 062	 211
042	 062	 213
042	 062	 999
042	 064	 066
042	 064	 078
042	 064	 080
042	 064	 082
042	 064	 084
042	 064	 086
042	 064	 088
042	 064	 090
042	 064	 192
042	 066	 072
042	 066	 074
042	 066	 076
042	 072	 074
042	 072	 078
042	 072	 080
042	 072	 082
042	 072	 084
042	 072	 086
042	 072	 088
042	 072	 090
042	 072	 192
042	 072	 194
042	 072	 197
042	 072	 200
042	 074	 080
042	 074	 082
042	 074	 084
042	 074	 086
042	 074	 088
042	 076	 080
042	 080	 086
042	 080	 088
042	 080	 090
042	 080	 192
042	 080	 194
042	 082	 197
042	 082	 200
042	 082	 207
042	 082	 209
042	 082	 211
042	 082	 213
042	 082	 999
042	 084	 086
042	 084	 088
042	 084	 090
042	 084	 192
042	 084	 213
042	 084	 999
042	 086	 088
042	 086	 090
042	 086	 192
042	 086	 194
042	 088	 213
042	 088	 999
042	 090	 192
042	 090	 194
042	 090	 197
042	 090	 200
042	 090	 207
042	 090	 209
042	 090	 211
042	 192	 194
042	 192	 197
042	 192	 200
042	 192	 207
042	 192	 209
042	 192	 211
042	 192	 213
042	 192	 999
042	 194	 197
042	 194	 200
042	 207	 209
042	 207	 211
042	 207	 213
042	 207	 999
042	 209	 211
042	 209	 213
042	 209	 999
042	 211	 213
044	 046	 213
044	 046	 999
044	 048	 050
044	 048	 052
044	 048	 054
044	 048	 056
044	 048	 072
044	 048	 074
044	 048	 076
044	 048	 078
044	 048	 080
044	 048	 082
044	 050	 064
044	 050	 066
044	 050	 068
044	 050	 072
044	 050	 074
044	 050	 078
044	 050	 080
044	 050	 082
044	 050	 084
044	 050	 086
044	 050	 088
044	 050	 090
044	 050	 192
044	 050	 194
044	 050	 197
044	 050	 200
044	 050	 211
044	 050	 213
044	 050	 999
044	 052	 054
044	 052	 056
044	 052	 058
044	 052	 060
044	 052	 062
044	 052	 064
044	 052	 066
044	 052	 197
044	 052	 200
044	 052	 207
044	 052	 209
044	 052	 211
044	 052	 213
044	 052	 999
044	 054	 056
044	 054	 058
044	 054	 060
044	 054	 062
044	 054	 064
044	 054	 066
044	 054	 068
044	 054	 072
044	 054	 074
044	 054	 076
044	 054	 078
044	 054	 080
044	 054	 082
044	 054	 084
044	 054	 086
044	 054	 088
044	 056	 060
044	 056	 197
044	 056	 200
044	 056	 207
044	 056	 209
044	 056	 211
044	 056	 213
044	 056	 999
044	 058	 060
044	 058	 082
044	 058	 084
044	 058	 086
044	 058	 090
044	 058	 192
044	 058	 194
044	 058	 197
044	 058	 200
044	 058	 207
044	 058	 209
044	 058	 211
044	 058	 213
044	 058	 999
044	 060	 062
044	 060	 066
044	 060	 068
044	 060	 072
044	 060	 074
044	 060	 076
044	 060	 078
044	 060	 080
044	 060	 082
044	 060	 084
044	 060	 086
044	 060	 088
044	 062	 064
044	 062	 066
044	 062	 072
044	 062	 074
044	 062	 076
044	 062	 078
044	 062	 080
044	 062	 082
044	 062	 084
044	 062	 086
044	 062	 088
044	 062	 090
044	 062	 192
044	 062	 213
044	 062	 999
044	 064	 066
044	 064	 068
044	 064	 072
044	 064	 074
044	 064	 207
044	 064	 209
044	 064	 211
044	 064	 213
044	 064	 999
044	 066	 068
044	 066	 072
044	 066	 074
044	 066	 076
044	 066	 078
044	 066	 080
044	 066	 082
044	 066	 200
044	 066	 207
044	 066	 209
044	 066	 211
044	 066	 213
044	 068	 080
044	 068	 082
044	 068	 084
044	 068	 086
044	 068	 088
044	 068	 090
044	 068	 192
044	 072	 197
044	 072	 200
044	 072	 207
044	 072	 209
044	 072	 211
044	 072	 213
044	 072	 999
044	 074	 076
044	 074	 078
044	 074	 080
044	 074	 082
044	 074	 084
044	 074	 086
044	 074	 088
044	 074	 090
044	 074	 192
044	 074	 194
044	 074	 213
044	 074	 999
044	 076	 078
044	 076	 080
044	 076	 082
044	 076	 084
044	 076	 086
044	 076	 999
044	 078	 080
044	 078	 197
044	 078	 200
044	 078	 207
044	 078	 209
044	 078	 211
044	 080	 090
044	 080	 192
044	 080	 194
044	 080	 197
044	 080	 200
044	 080	 207
044	 082	 194
044	 082	 197
044	 082	 200
044	 084	 086
044	 084	 088
044	 084	 090
044	 084	 192
044	 084	 194
044	 084	 197
044	 084	 200
044	 084	 211
044	 084	 213
044	 084	 999
044	 086	 088
044	 086	 090
044	 086	 192
044	 086	 194
044	 086	 197
044	 086	 200
044	 086	 207
044	 088	 197
044	 088	 200
044	 088	 207
044	 088	 209
044	 088	 211
044	 194	 211
044	 200	 209
044	 200	 211
044	 200	 213
044	 207	 211
044	 207	 213
044	 207	 999
044	 209	 211
044	 209	 213
044	 209	 999
044	 211	 213
044	 211	 999
044	 213	 999
046	 048	 050
046	 048	 064
046	 048	 066
046	 048	 068
046	 048	 072
046	 048	 074
046	 048	 076
046	 052	 060
046	 052	 074
046	 052	 076
046	 052	 078
046	 052	 080
046	 052	 082
046	 052	 084
046	 052	 086
046	 054	 066
046	 054	 068
046	 054	 072
046	 054	 074
046	 054	 076
046	 054	 078
046	 054	 080
046	 054	 082
046	 054	 200
046	 054	 207
046	 054	 209
046	 054	 211
046	 054	 213
046	 056	 060
046	 056	 062
046	 056	 064
046	 056	 066
046	 056	 068
046	 056	 072
046	 056	 074
046	 056	 076
046	 056	 078
046	 056	 080
046	 056	 086
046	 056	 088
046	 056	 090
046	 056	 192
046	 056	 194
046	 056	 197
046	 056	 200
046	 056	 207
046	 056	 209
046	 056	 211
046	 058	 080
046	 060	 068
046	 060	 072
046	 060	 074
046	 060	 076
046	 060	 078
046	 060	 080
046	 060	 082
046	 062	 066
046	 062	 068
046	 062	 072
046	 062	 074
046	 062	 076
046	 062	 078
046	 062	 080
046	 062	 082
046	 062	 084
046	 062	 086
046	 062	 197
046	 062	 200
046	 062	 207
046	 062	 209
046	 062	 211
046	 062	 213
046	 062	 999
046	 064	 066
046	 064	 197
046	 064	 200
046	 064	 207
046	 064	 209
046	 064	 211
046	 064	 213
046	 064	 999
046	 066	 068
046	 066	 072
046	 066	 074
046	 066	 076
046	 066	 080
046	 066	 082
046	 066	 084
046	 066	 086
046	 066	 088
046	 066	 090
046	 066	 192
046	 066	 194
046	 066	 197
046	 066	 200
046	 066	 207
046	 072	 211
046	 072	 213
046	 072	 999
046	 074	 076
046	 074	 078
046	 074	 080
046	 074	 082
046	 074	 084
046	 074	 086
046	 074	 088
046	 074	 197
046	 074	 200
046	 074	 207
046	 074	 209
046	 074	 211
046	 074	 213
046	 074	 999
046	 076	 078
046	 076	 080
046	 084	 211
046	 084	 213
046	 084	 999
046	 086	 088
046	 086	 090
046	 086	 192
046	 086	 194
046	 088	 197
046	 088	 200
046	 192	 211
046	 192	 213
046	 192	 999
046	 194	 197
046	 194	 200
048	 050	 060
048	 050	 062
048	 050	 064
048	 050	 066
048	 050	 068
048	 050	 072
048	 050	 078
048	 050	 080
048	 050	 082
048	 050	 084
048	 050	 086
048	 050	 088
048	 050	 090
048	 050	 192
048	 050	 194
048	 050	 197
048	 052	 209
048	 052	 211
048	 052	 213
048	 052	 999
048	 054	 056
048	 054	 058
048	 054	 060
048	 054	 072
048	 054	 074
048	 054	 076
048	 054	 078
048	 054	 080
048	 054	 082
048	 054	 084
048	 054	 086
048	 054	 197
048	 054	 200
048	 054	 207
048	 054	 209
048	 054	 211
048	 054	 213
048	 054	 999
048	 056	 058
048	 058	 066
048	 058	 068
048	 058	 072
048	 058	 074
048	 058	 076
048	 058	 078
048	 058	 080
048	 058	 082
048	 058	 084
048	 058	 088
048	 058	 090
048	 058	 192
048	 058	 194
048	 058	 197
048	 058	 200
048	 058	 207
048	 058	 209
048	 058	 211
048	 058	 213
048	 058	 999
048	 064	 082
048	 064	 084
048	 064	 086
048	 064	 088
048	 064	 090
048	 064	 192
048	 064	 194
048	 064	 197
048	 066	 068
048	 066	 072
048	 066	 074
048	 066	 076
048	 066	 078
048	 066	 080
048	 074	 088
048	 074	 090
048	 074	 192
048	 074	 211
048	 074	 213
048	 074	 999
048	 076	 078
048	 076	 080
048	 076	 082
048	 076	 084
048	 076	 200
048	 076	 207
048	 076	 209
048	 076	 211
048	 076	 213
048	 076	 999
048	 082	 200
048	 082	 207
048	 082	 209
048	 082	 211
048	 082	 213
048	 082	 999
048	 084	 086
048	 084	 088
048	 084	 090
048	 084	 192
048	 084	 194
048	 084	 197
048	 084	 207
048	 084	 209
048	 084	 211
048	 084	 213
048	 084	 999
048	 086	 088
048	 086	 090
048	 086	 192
048	 086	 194
048	 086	 197
048	 086	 200
048	 086	 209
048	 086	 211
048	 086	 213
048	 086	 999
048	 088	 090
048	 088	 192
048	 088	 194
048	 088	 197
048	 088	 200
048	 088	 207
048	 088	 209
048	 192	 200
048	 192	 207
048	 192	 209
048	 192	 211
048	 192	 213
048	 192	 999
048	 194	 197
048	 194	 200
048	 194	 207
048	 194	 209
048	 197	 213
048	 197	 999
048	 200	 207
048	 200	 209
048	 200	 211
048	 200	 213
048	 200	 999
048	 207	 209
048	 207	 211
048	 207	 213
048	 207	 999
048	 209	 211
048	 209	 213
048	 209	 999
048	 211	 213
048	 211	 999
048	 213	 999
050	 052	 058
050	 052	 060
050	 052	 062
050	 052	 064
050	 052	 066
050	 052	 068
050	 052	 072
050	 052	 074
050	 052	 076
050	 052	 078
050	 052	 192
050	 052	 194
050	 052	 197
050	 052	 200
050	 052	 207
050	 052	 209
050	 054	 080
050	 054	 082
050	 054	 084
050	 054	 086
050	 054	 088
050	 054	 090
050	 054	 192
050	 054	 194
050	 054	 197
050	 054	 200
050	 058	 088
050	 058	 090
050	 058	 192
050	 058	 194
050	 058	 197
050	 058	 207
050	 058	 209
050	 058	 211
050	 058	 213
050	 058	 999
050	 060	 062
050	 060	 064
050	 060	 066
050	 060	 068
050	 060	 072
050	 060	 074
050	 062	 066
050	 062	 068
050	 062	 072
050	 062	 074
050	 062	 076
050	 062	 078
050	 062	 090
050	 062	 192
050	 062	 194
050	 062	 197
050	 062	 200
050	 062	 207
050	 062	 209
050	 062	 213
050	 062	 999
050	 064	 066
050	 064	 068
050	 064	 072
050	 064	 074
050	 064	 076
050	 064	 078
050	 064	 080
050	 064	 082
050	 064	 084
050	 066	 200
050	 066	 207
050	 066	 209
050	 066	 211
050	 066	 213
050	 066	 999
050	 068	 072
050	 068	 074
050	 068	 076
050	 068	 078
050	 072	 078
050	 072	 080
050	 072	 082
050	 072	 084
050	 072	 086
050	 072	 088
050	 072	 090
050	 078	 082
050	 078	 084
050	 078	 086
050	 078	 088
050	 078	 090
050	 080	 082
050	 080	 084
050	 080	 086
050	 080	 194
050	 080	 197
050	 080	 200
050	 080	 207
050	 080	 209
050	 080	 211
050	 080	 213
050	 080	 999
050	 082	 084
050	 088	 090
050	 088	 197
050	 088	 200
050	 088	 207
050	 088	 209
050	 088	 211
050	 088	 213
050	 088	 999
050	 090	 192
050	 090	 194
050	 090	 197
050	 194	 211
050	 194	 213
050	 194	 999
050	 197	 200
050	 197	 207
050	 197	 209
050	 200	 209
050	 200	 211
050	 200	 213
050	 200	 999
050	 207	 209
050	 207	 211
050	 207	 213
050	 207	 999
052	 054	 068
052	 054	 072
052	 054	 074
052	 054	 076
052	 054	 078
052	 054	 080
052	 054	 082
052	 054	 084
052	 054	 086
052	 054	 088
052	 054	 090
052	 054	 192
052	 054	 211
052	 054	 213
052	 054	 999
052	 056	 058
052	 056	 060
052	 056	 062
052	 056	 064
052	 056	 084
052	 056	 086
052	 056	 088
052	 056	 090
052	 058	 060
052	 058	 062
052	 058	 064
052	 058	 076
052	 058	 078
052	 058	 080
052	 058	 082
052	 058	 084
052	 058	 086
052	 058	 088
052	 058	 090
052	 060	 066
052	 060	 078
052	 060	 080
052	 060	 082
052	 060	 084
052	 060	 086
052	 060	 088
052	 060	 090
052	 060	 192
052	 066	 999
052	 068	 072
052	 068	 082
052	 068	 084
052	 068	 086
052	 068	 088
052	 068	 090
052	 068	 192
052	 068	 194
052	 068	 197
052	 068	 213
052	 068	 999
052	 072	 074
052	 072	 076
052	 072	 078
052	 072	 080
052	 072	 082
052	 072	 084
052	 078	 197
052	 078	 200
052	 078	 207
052	 078	 209
052	 078	 211
052	 078	 213
052	 078	 999
052	 080	 084
052	 080	 086
052	 080	 088
052	 080	 090
052	 080	 192
052	 080	 194
052	 080	 197
052	 080	 200
052	 080	 207
052	 080	 209
052	 080	 211
052	 080	 999
052	 082	 084
052	 082	 086
052	 082	 088
052	 082	 090
052	 082	 192
052	 082	 194
052	 082	 197
052	 082	 200
052	 082	 207
052	 082	 209
052	 082	 999
052	 084	 086
052	 084	 088
052	 084	 090
052	 084	 192
052	 084	 194
052	 084	 197
052	 084	 200
052	 084	 207
052	 084	 209
052	 197	 999
052	 200	 207
052	 200	 209
052	 200	 211
052	 200	 213
052	 200	 999
052	 207	 209
054	 056	 192
054	 056	 194
054	 056	 197
054	 056	 200
054	 056	 207
054	 056	 209
054	 056	 211
054	 056	 213
054	 056	 999
054	 058	 060
054	 058	 062
054	 058	 086
054	 058	 088
054	 060	 066
054	 060	 068
054	 060	 072
054	 060	 074
054	 060	 076
054	 060	 078
054	 060	 080
054	 060	 082
054	 060	 084
054	 060	 086
054	 060	 088
054	 060	 090
054	 060	 209
054	 060	 211
054	 060	 213
054	 060	 999
054	 062	 064
054	 062	 066
054	 062	 068
054	 062	 194
054	 064	 192
054	 064	 194
054	 064	 197
054	 064	 200
054	 064	 207
054	 066	 211
054	 066	 213
054	 066	 999
054	 068	 076
054	 068	 078
054	 068	 080
054	 068	 082
054	 068	 084
054	 068	 086
054	 068	 088
054	 068	 090
054	 068	 192
054	 068	 194
054	 068	 209
054	 068	 211
054	 068	 213
054	 068	 999
054	 072	 074
054	 072	 076
054	 072	 078
054	 072	 080
054	 072	 082
054	 072	 197
054	 072	 200
054	 072	 207
054	 072	 209
054	 072	 211
054	 072	 213
054	 074	 076
054	 074	 078
054	 074	 080
054	 074	 082
054	 074	 084
054	 074	 086
054	 074	 088
054	 074	 090
054	 074	 192
054	 074	 194
054	 074	 197
054	 076	 082
054	 076	 084
054	 076	 086
054	 076	 088
054	 076	 999
054	 078	 080
054	 078	 082
054	 080	 194
054	 080	 197
054	 080	 200
054	 080	 207
054	 080	 209
054	 200	 213
054	 200	 999
056	 058	 072
056	 058	 074
056	 058	 076
056	 058	 078
056	 058	 080
056	 058	 082
056	 058	 084
056	 058	 086
056	 058	 088
056	 060	 066
056	 060	 068
056	 060	 072
056	 060	 074
056	 060	 076
056	 060	 078
056	 060	 080
056	 060	 082
056	 060	 084
056	 060	 086
056	 060	 088
056	 060	 090
056	 060	 999
056	 062	 064
056	 062	 066
056	 062	 068
056	 062	 076
056	 062	 078
056	 062	 080
056	 062	 082
056	 062	 084
056	 062	 086
056	 062	 088
056	 062	 090
056	 062	 192
056	 062	 194
056	 062	 213
056	 062	 999
056	 064	 066
056	 064	 068
056	 064	 072
056	 064	 074
056	 064	 076
056	 064	 078
056	 064	 080
056	 064	 082
056	 064	 084
056	 064	 086
056	 064	 088
056	 064	 090
056	 064	 192
056	 064	 194
056	 064	 197
056	 064	 200
056	 064	 207
056	 066	 088
056	 066	 090
056	 066	 192
056	 066	 194
056	 066	 197
056	 066	 200
056	 066	 207
056	 066	 209
056	 066	 211
056	 066	 213
056	 066	 999
056	 068	 078
056	 068	 080
056	 068	 082
056	 068	 084
056	 068	 086
056	 068	 088
056	 068	 090
056	 068	 192
056	 068	 194
056	 068	 207
056	 068	 209
056	 068	 211
056	 068	 213
056	 068	 999
056	 072	 074
056	 072	 076
056	 072	 078
056	 072	 080
056	 072	 082
056	 082	 194
056	 082	 197
056	 082	 200
056	 082	 207
056	 086	 088
056	 086	 090
056	 086	 192
056	 086	 194
056	 086	 197
056	 086	 200
056	 086	 207
056	 086	 209
056	 088	 209
056	 088	 211
056	 088	 213
056	 090	 197
056	 090	 200
056	 090	 207
056	 090	 209
056	 090	 211
056	 090	 213
056	 090	 999
056	 192	 194
056	 192	 197
056	 192	 211
056	 192	 213
056	 192	 999
056	 194	 197
056	 194	 200
056	 194	 207
056	 194	 209
056	 194	 211
056	 194	 213
056	 200	 209
056	 200	 211
056	 200	 213
056	 200	 999
056	 207	 209
056	 207	 211
056	 207	 213
056	 207	 999
056	 209	 211
056	 209	 213
056	 209	 999
056	 211	 213
056	 211	 999
056	 213	 999
058	 060	 062
058	 060	 064
058	 060	 072
058	 060	 074
058	 060	 076
058	 060	 078
058	 060	 080
058	 060	 082
058	 060	 084
058	 060	 086
058	 060	 088
058	 060	 090
058	 062	 207
058	 062	 209
058	 062	 211
058	 062	 213
058	 062	 999
058	 064	 066
058	 064	 068
058	 064	 072
058	 064	 074
058	 064	 076
058	 064	 194
058	 064	 197
058	 064	 200
058	 064	 207
058	 066	 090
058	 066	 192
058	 066	 194
058	 066	 197
058	 066	 200
058	 066	 207
058	 066	 209
058	 066	 211
058	 066	 213
058	 066	 999
058	 068	 072
058	 068	 074
058	 068	 076
058	 068	 078
058	 068	 080
058	 068	 082
058	 068	 084
058	 068	 086
058	 068	 088
058	 068	 090
058	 068	 192
058	 068	 194
058	 068	 209
058	 068	 211
058	 068	 213
058	 068	 999
058	 072	 074
058	 072	 076
058	 072	 078
058	 072	 080
058	 072	 082
058	 072	 090
058	 072	 192
058	 072	 194
058	 072	 197
058	 072	 200
058	 072	 207
058	 072	 209
058	 072	 211
058	 072	 213
058	 076	 080
058	 076	 082
058	 076	 084
058	 076	 086
058	 076	 088
058	 076	 211
058	 076	 213
058	 076	 999
058	 078	 080
058	 078	 082
058	 078	 086
058	 078	 088
058	 078	 090
058	 078	 192
058	 078	 194
058	 078	 197
058	 078	 200
058	 078	 207
058	 078	 209
058	 078	 211
058	 078	 213
058	 080	 211
058	 080	 213
058	 080	 999
058	 082	 084
058	 082	 086
058	 082	 088
058	 082	 090
058	 082	 192
058	 082	 194
058	 082	 197
058	 082	 200
058	 082	 207
058	 084	 197
058	 084	 200
058	 084	 207
058	 084	 211
058	 084	 213
058	 084	 999
058	 086	 088
058	 086	 090
058	 086	 192
058	 086	 194
058	 086	 197
058	 086	 200
058	 086	 207
058	 086	 209
058	 088	 211
058	 088	 213
058	 200	 207
058	 200	 209
058	 200	 211
058	 200	 213
058	 200	 999
058	 207	 211
058	 207	 213
058	 207	 999
058	 209	 211
058	 209	 213
058	 209	 999
058	 211	 213
058	 211	 999
058	 213	 999
060	 062	 064
060	 062	 066
060	 062	 086
060	 062	 088
060	 062	 090
060	 062	 192
060	 064	 072
060	 064	 074
060	 066	 192
060	 066	 194
060	 066	 197
060	 066	 200
060	 066	 207
060	 066	 209
060	 066	 211
060	 066	 213
060	 068	 207
060	 068	 209
060	 068	 211
060	 068	 213
060	 068	 999
060	 072	 074
060	 072	 076
060	 072	 078
060	 072	 080
060	 074	 076
060	 074	 078
060	 074	 080
060	 074	 082
060	 074	 084
060	 074	 086
060	 074	 088
060	 074	 090
060	 074	 192
060	 074	 194
060	 076	 082
060	 076	 084
060	 076	 086
060	 076	 197
060	 076	 200
060	 076	 207
060	 076	 209
060	 076	 211
060	 076	 213
060	 076	 999
060	 078	 080
060	 080	 207
060	 080	 999
060	 082	 084
060	 082	 086
060	 082	 088
060	 082	 090
060	 082	 192
060	 082	 194
060	 082	 197
060	 082	 200
060	 084	 999
060	 086	 088
060	 086	 090
060	 086	 192
060	 086	 194
060	 086	 197
060	 086	 200
060	 086	 207
060	 086	 213
060	 086	 999
060	 088	 090
060	 088	 192
060	 088	 194
060	 088	 197
060	 088	 200
060	 088	 207
060	 088	 209
060	 088	 211
060	 088	 999
060	 090	 192
060	 090	 194
060	 090	 197
060	 090	 200
060	 090	 207
060	 090	 209
060	 090	 211
060	 090	 213
060	 090	 999
060	 192	 194
062	 064	 072
062	 064	 074
062	 064	 076
062	 064	 078
062	 064	 080
062	 064	 082
062	 064	 084
062	 064	 086
062	 064	 088
062	 064	 090
062	 064	 192
062	 066	 086
062	 066	 088
062	 066	 090
062	 066	 192
062	 066	 194
062	 066	 197
062	 066	 200
062	 066	 207
062	 072	 082
062	 072	 084
062	 072	 086
062	 072	 088
062	 072	 090
062	 072	 192
062	 072	 194
062	 072	 197
062	 072	 200
062	 072	 999
062	 074	 076
062	 074	 078
062	 074	 080
062	 074	 082
062	 074	 084
062	 074	 086
062	 074	 088
062	 076	 082
062	 076	 084
062	 076	 086
062	 076	 088
062	 076	 090
062	 076	 192
062	 076	 194
062	 076	 197
062	 076	 200
062	 076	 207
062	 076	 209
062	 076	 211
062	 078	 080
062	 078	 082
062	 078	 084
062	 078	 086
062	 078	 088
062	 078	 090
062	 078	 192
062	 078	 194
062	 078	 197
062	 078	 200
062	 078	 211
062	 078	 213
062	 078	 999
062	 080	 082
062	 080	 084
062	 080	 086
062	 080	 088
062	 080	 090
062	 080	 192
062	 080	 194
062	 082	 213
062	 082	 999
062	 084	 086
062	 084	 088
062	 084	 090
062	 084	 192
062	 084	 200
062	 084	 207
062	 084	 209
062	 084	 211
062	 084	 213
062	 084	 999
062	 086	 088
062	 086	 090
062	 086	 192
062	 086	 194
062	 086	 200
062	 086	 207
062	 086	 209
062	 086	 211
062	 086	 213
062	 086	 999
062	 088	 090
062	 088	 192
062	 088	 194
062	 088	 197
062	 088	 200
062	 088	 207
062	 088	 209
062	 088	 211
062	 088	 213
062	 088	 999
062	 090	 192
062	 090	 194
062	 090	 197
062	 090	 200
062	 090	 207
062	 090	 209
062	 090	 211
062	 197	 213
062	 197	 999
062	 200	 207
062	 200	 211
062	 200	 213
062	 200	 999
062	 207	 209
062	 207	 211
062	 207	 213
062	 207	 999
062	 209	 211
062	 209	 213
062	 209	 999
062	 211	 213
064	 066	 072
064	 066	 074
064	 066	 076
064	 066	 078
064	 066	 080
064	 066	 082
064	 066	 084
064	 066	 086
064	 066	 088
064	 066	 194
064	 066	 197
064	 066	 200
064	 066	 207
064	 066	 209
064	 066	 211
064	 066	 213
064	 066	 999
064	 068	 072
064	 068	 074
064	 068	 076
064	 068	 078
064	 068	 080
064	 068	 082
064	 068	 084
064	 068	 086
064	 068	 088
064	 068	 090
064	 068	 192
064	 068	 194
064	 068	 197
064	 068	 200
064	 074	 211
064	 074	 213
064	 074	 999
064	 076	 078
064	 076	 080
064	 076	 082
064	 076	 084
064	 076	 086
064	 076	 088
064	 076	 090
064	 076	 192
064	 076	 211
064	 076	 213
064	 076	 999
064	 078	 080
064	 078	 082
064	 078	 084
064	 078	 086
064	 078	 200
064	 078	 207
064	 078	 209
064	 078	 211
064	 078	 213
064	 078	 999
064	 080	 082
064	 080	 200
064	 080	 207
064	 080	 209
064	 080	 211
064	 080	 213
064	 082	 086
064	 082	 088
064	 082	 090
064	 082	 192
064	 082	 194
064	 082	 197
064	 082	 200
064	 082	 207
064	 082	 209
064	 082	 211
064	 086	 088
064	 086	 090
064	 086	 192
064	 086	 194
064	 086	 197
064	 086	 200
064	 086	 207
064	 086	 209
064	 086	 211
064	 086	 213
064	 088	 211
064	 088	 213
064	 088	 999
064	 090	 192
064	 192	 194
064	 192	 197
064	 192	 200
064	 192	 207
064	 194	 200
064	 194	 207
064	 194	 209
064	 194	 211
064	 194	 213
064	 194	 999
064	 197	 200
064	 197	 207
064	 197	 209
064	 197	 211
064	 197	 213
064	 197	 999
064	 200	 207
064	 200	 209
064	 200	 211
064	 200	 213
064	 200	 999
064	 207	 209
064	 207	 211
066	 068	 090
066	 068	 192
066	 068	 194
066	 068	 197
066	 068	 200
066	 068	 207
066	 068	 209
066	 072	 211
066	 072	 213
066	 072	 999
066	 074	 076
066	 074	 078
066	 074	 080
066	 076	 080
066	 076	 082
066	 076	 084
066	 076	 086
066	 076	 088
066	 076	 090
066	 076	 192
066	 076	 194
066	 076	 197
066	 076	 211
066	 076	 213
066	 076	 999
066	 078	 080
066	 078	 082
066	 078	 084
066	 078	 086
066	 078	 088
066	 078	 090
066	 078	 999
066	 080	 082
066	 080	 084
066	 080	 086
066	 082	 197
066	 082	 200
066	 082	 207
066	 082	 209
066	 082	 211
066	 082	 213
066	 082	 999
066	 086	 192
066	 086	 194
066	 086	 197
066	 086	 200
066	 086	 207
066	 086	 209
066	 086	 211
066	 086	 213
066	 086	 999
066	 088	 090
066	 200	 211
066	 200	 213
066	 200	 999
066	 207	 209
066	 207	 211
066	 207	 213
066	 207	 999
066	 209	 999
066	 211	 213
066	 211	 999
066	 213	 999
068	 072	 074
068	 072	 076
068	 072	 078
068	 072	 080
068	 072	 082
068	 072	 084
