10255
10304
10306
10335
10358
10359
10415
10472
10482
10483
10512
10515
10521
10524
10525
10560
10565
10583
10605
10615
10665
10699
10705
10747
10757
10785
10794
10795
10844
11065
11215
11264
11274
11292
11326
11327
11328
11335
11364
11366
11373
11383
11393
11394
11473
11479
11511
11692
11805
11941
12071
12089
12132
12165
12175
12217
12372
12383
12393
12400
12412
12444
12460
12476
12541
12564
12596
12614
12629
12664
12677
12678
12711
12766
12768
12780
12789
12802
12816
12817
12828
12839
12873
12879
12894
12905
12907
12923
12960
12988
13051
