10199
10279
10286
10305
10314
10315
10350
10352
10414
10416
10424
10425
10426
10523
10558
10657
10659
10670
10698
10706
10746
10749
10762
10793
10827
10845
10858
10890
11021
11022
11024
11029
11058
11059
11066
11067
11171
11216
11217
11232
11233
11243
11266
11273
11291
11293
11363
11371
11372
11402
11525
11545
11578
11584
11602
11660
11738
11762
11778
11865
11878
11950
12015
12082
12097
12159
12235
12280
12294
12380
12459
12496
12550
12551
12606
12665
12731
12742
12755
12756
12757
12758
12791
12850
12874
12896
12911
12961
13060
