11215	
13051	
12393	
11511	
12678	
10515	
12383	
12873	
12817	
11366	
11941	
10794	
12460	
10785	
12400	
12905	
11065	
11264	
12677	
12923	
12789	
11373	
10255	
12802	
10358	
10472	
10565	
12614	
12988	
12132	
11692	
10583	
10525	
10615	
12071	
10335	
11805	
12476	
12907	
10844	
11479	
12768	
10699	
11394	
11328	
12444	
12629	
12894	
10415	
12596	
10705	
10306	
12780	
12564	
12828	
10747	
12372	
10795	
11393	
12664	
10482	
10304	
11327	
10757	
12165	
10483	
10521	
12541	
12217	
12766	
12089	
12175	
12960	
10512	
12879	
11383	
12412	
10524	
12839	
11274	
10359	
12711	
11292	
11326	
10605	
10665	
11364	
11473	
12816	
11335	
10560	
